listiEveGenLocalSearchedIndNum_AllRunsEve:
[0.0, 10.0, 20.0, 30.0, 40.0, 50.0, 60.0, 70.0, 80.0, 90.0, 100.0, 110.0, 120.0, 130.0, 140.0, 150.0, 160.0, 170.0, 180.0, 190.0, 200.0, 210.0, 220.0, 230.0, 240.0, 250.0, 260.0, 270.0, 280.0, 290.0, 300.0, 310.0, 320.0, 330.0, 340.0, 350.0, 360.0, 370.0, 380.0, 390.0, 400.0, 410.0, 420.0, 430.0, 440.0, 450.0, 460.0, 470.0, 480.0, 490.0, 500.0, 510.0, 520.0, 530.0, 540.0, 550.0, 560.0, 570.0, 580.0, 590.0, 600.0, 610.0, 620.0, 630.0, 640.0, 650.0, 660.0, 670.0, 680.0, 690.0, 700.0, 710.0, 720.0, 730.0, 740.0, 750.0, 760.0, 770.0, 780.0, 790.0, 800.0]

listfEveGenBestIndFitness_AllRunsAve:
[0.011633656618815245, 0.012057393220854052, 0.013206210902384604, 0.014353633659671503, 0.015323566754573501, 0.016266003614970652, 0.017394646959582104, 0.018072641880706595, 0.0188419719492492, 0.019527555594894944, 0.02029471190730868, 0.021029896987854676, 0.021828629836539912, 0.022565286126820593, 0.02329142383545374, 0.023967111503341427, 0.024673996710412583, 0.025385411806477, 0.026103580703012146, 0.026844308094870463, 0.027649368515575867, 0.028427478083980252, 0.029233687056493762, 0.030066093685054328, 0.030926901303744175, 0.0318215196954668, 0.032741678456325744, 0.0336894689409144, 0.0346651522603169, 0.03567027101080924, 0.03671570549586488, 0.03775085007925695, 0.03880272627120579, 0.039872440507035936, 0.04094538307343702, 0.042033675939130384, 0.043119847704315, 0.04422091251460477, 0.045302297826641594, 0.046365293961681674, 0.04737839170611987, 0.04833974763262667, 0.04928028928453896, 0.050116547087838095, 0.05091603211553101, 0.0515875740639839, 0.052226723723226884, 0.05290686838186974, 0.05354076216000033, 0.054003719773838846, 0.05455033761508776, 0.05507489352666954, 0.05543230674034734, 0.05605649735130887, 0.05626394440462742, 0.05661861756795209, 0.05681413408847662, 0.05711680181754082, 0.05716235531425641, 0.05753513711423976, 0.05753513711423976, 0.05768165924424758, 0.05779126805199514, 0.05782838889747307, 0.05782838889747307, 0.05798232362684712, 0.058013812087780926, 0.058061684567822756, 0.058063307945543007, 0.058122403404167466, 0.058122403404167466, 0.05812406898184016, 0.058346949754725576, 0.058346949754725576, 0.058346949754725576, 0.058346949754725576, 0.058346949754725576, 0.058346949754725576, 0.058346949754725576, 0.058346949754725576, 0.058346949754725576]

listEveGenDiversityMetric1_AllRunsAve:
[1.0, 1.0, 1.0, 1.0, 0.9969999999999999, 0.916, 0.951, 0.77, 0.8300000000000001, 0.7979999999999999, 0.7609999999999999, 0.766, 0.752, 0.735, 0.764, 0.765, 0.7809999999999999, 0.768, 0.777, 0.764, 0.804, 0.799, 0.8009999999999999, 0.818, 0.8300000000000001, 0.8400000000000001, 0.828, 0.827, 0.8200000000000001, 0.8270000000000002, 0.825, 0.8350000000000002, 0.826, 0.827, 0.8380000000000001, 0.821, 0.8329999999999999, 0.827, 0.8320000000000001, 0.8220000000000001, 0.82, 0.807, 0.812, 0.8109999999999999, 0.8, 0.7949999999999999, 0.777, 0.7729999999999999, 0.7310000000000001, 0.7409999999999999, 0.696, 0.7205, 0.7294999999999998, 0.7220000000000001, 0.7590000000000001, 0.7105000000000001, 0.6746666666666667, 0.6675000000000001, 0.6393333333333333, 0.5951666666666667, 0.6022500000000001, 0.6221333333333334, 0.5855333333333335, 0.60025, 0.5991619047619048, 0.5892833333333334, 0.6020928571428572, 0.624302380952381, 0.6200380952380953, 0.6129968253968254, 0.6380316378066379, 0.6401215367965369, 0.6541056193806194, 0.6505277361527361, 0.6643334387834389, 0.666372927072927, 0.6735396946191063, 0.6758636536665948, 0.6760295683118052, 0.6796139137951831, 0.6808505135387488]

listfEveGenProportion_belongToLocalSearchedIndNeighbor_exceptCurrLocalSearchedInd_AllRunsAve:
[0.0, 0.0, 0.0, 0.0, 0.0, 0.0, 0.0, 0.0, 0.0, 0.0, 0.0, 0.0, 0.0, 0.0, 0.0, 0.0, 0.0, 0.0, 0.0, 0.0, 0.0, 0.0, 0.0, 0.0, 0.0, 0.0, 0.0, 0.0, 0.0, 0.0, 0.0, 0.0, 0.0, 0.0, 0.0, 0.0, 0.0, 0.0, 0.001, 0.011, 0.019, 0.034999999999999996, 0.05700000000000001, 0.1, 0.169, 0.211, 0.261, 0.2919999999999999, 0.337, 0.32399999999999995, 0.41200000000000003, 0.388, 0.38650000000000007, 0.4675000000000001, 0.36, 0.5675, 0.5573333333333333, 0.5948333333333334, 0.587, 0.7263333333333334, 0.7081666666666667, 0.6973666666666667, 0.7932, 0.7970833333333334, 0.7782809523809524, 0.8361749999999999, 0.8398507936507936, 0.7999059523809524, 0.8183928571428571, 0.8777432539682539, 0.8734715367965368, 0.8982603896103895, 0.881169832944833, 0.9031680763680765, 0.8497995504495506, 0.8885779886779887, 0.9127033995416347, 0.9359701752495871, 0.9349248674571043, 0.9348685552450646, 0.9489018674136321]

listiAveDiversityMetric2EveGen:
[50.14468120804, 1030.1699354678092, 507.956926664626, 590.0793536455465, 363.806485623916, 313.9556461585553, 274.01097352923176, 79.35814985409652, 103.73082963779207, 163.45968889297006, 118.16923660442812, 104.4035449321498, 26.642894374043472, 16.874044811753908, 8.291545993265995, 1.5457443934292416, 7.558067560453014, 5.945009203142536, 1.7500070441791653, 1.7367030792776248, 6.3772460646872755, 3.8159911519232734, 3.36435852668095, 1.9088093378226714, 1.8559920661157026, 1.907001048872564, 1.9301707988980716, 1.9190706417712478, 1.895599926538108, 1.8946201734516888, 1.8601657790021424, 1.9311445444342414, 1.8718679318436895, 1.8263946780940725, 1.9268776818691968, 1.8754653933272114, 2.018624842363024, 1.9786642016120806, 2.0951219549025604, 2.1116285481073356, 2.2834119008264464, 2.3273755943271093, 2.3638023426181, 2.615391874298541, 2.7900985409652073, 2.9660738169574534, 3.0746713967962456, 3.056843322109989, 2.8758756739108255, 2.8072847178859304, 2.91374618916437, 3.3002341750101793, 3.6379529272460345, 4.064310047160276, 3.953471417160897, 3.636396276862519, 3.7858605370649023, 3.5045503612288456, 2.9236984028301114, 2.8041626942109388, 2.892237478878384, 2.680014957070583, 2.526905140500429, 2.7111715383023407, 2.7609488764925216, 2.823297603128019, 3.0102578238030597, 2.9617200718495753, 2.8076574048547696, 2.957363263855096, 3.151134477243225, 3.1573454994342636, 3.1636881225752123, 3.200592302911322, 3.4475544621907823, 3.3724753441733255, 3.4307336134041457, 3.48936907430569, 3.5149242341569744, 3.5105165010695045, 3.543765467011794]

listiAveFitEvaNumByThisGen:
[100, 2200, 4300, 6400, 8500, 10600, 12700, 14800, 16900, 19000, 21100, 23200, 25300, 27400, 29500, 31600, 33700, 35800, 37900, 40000, 42100, 44200, 46300, 48400, 50500, 52600, 54700, 56800, 58900, 61000, 63100, 65200, 67300, 69400, 71500, 73600, 75700, 77800, 79900, 82000, 84100, 86200, 88300, 90400, 92500, 94600, 96700, 98800, 100900, 103000, 105100, 107200, 109310, 111420, 113530, 115640, 117750, 119870, 122010, 124150, 126300, 128480, 130700, 132930, 135210, 137540, 139920, 142370, 144900, 147490, 150140, 152880, 155700, 158610, 161600, 164690, 167850, 171090, 174420, 177850, 181380]
------------------------new instance-----------------------------
listiEveGenLocalSearchedIndNum_AllRunsEve:
[0.0, 10.0, 20.0, 30.0, 40.0, 50.0, 60.0, 70.0, 80.0, 90.0, 100.0, 110.0, 120.0, 130.0, 140.0, 150.0, 160.0, 170.0, 180.0, 190.0, 200.0, 210.0, 220.0, 230.0, 240.0, 250.0, 260.0, 270.0, 280.0, 290.0, 300.0, 310.0, 320.0, 330.0, 340.0, 350.0, 360.0, 370.0, 380.0, 390.0, 400.0, 410.0, 420.0, 430.0, 440.0, 450.0, 460.0, 470.0, 480.0, 490.0, 500.0, 510.0, 520.0, 530.0, 540.0, 550.0, 560.0, 570.0, 580.0, 590.0, 600.0, 610.0, 620.0, 630.0, 640.0, 650.0, 660.0, 670.0, 680.0, 690.0, 700.0, 710.0, 720.0, 730.0, 740.0, 750.0, 760.0, 770.0, 780.0, 790.0, 800.0]

listfEveGenBestIndFitness_AllRunsAve:
[0.011489179218923166, 0.01204646733350139, 0.013154692955372787, 0.01431894685485659, 0.015175190745873885, 0.01611473083439251, 0.01672113049319485, 0.017745188340012374, 0.018411019811175006, 0.019165574316556917, 0.019815743185089208, 0.02048520252333875, 0.02115731555059219, 0.021780013076184886, 0.022465777743817958, 0.02309971609884642, 0.02387294436060159, 0.02460631528993403, 0.02531542874523306, 0.02603452292731746, 0.02676437805206744, 0.027521617034541944, 0.0282906905659198, 0.029072481188803845, 0.029869596215153192, 0.030692504994589954, 0.03153535092531728, 0.03241377100817544, 0.0333162891141973, 0.034235245231369456, 0.03517535232405035, 0.036137662584232906, 0.03712442518490396, 0.03813578155334083, 0.039160124261686434, 0.040195863284735636, 0.04121905164463777, 0.04224435913811341, 0.043255488156479956, 0.044267452043086394, 0.04525512453284607, 0.046197880396828, 0.04710574769918134, 0.04791021859343557, 0.048660036045196066, 0.04936417616709796, 0.050077153332791634, 0.05058529670411458, 0.0510497083665829, 0.051484940067303545, 0.05176872248581611, 0.05212507790772554, 0.05237944799280918, 0.05263747146535926, 0.052765723011610324, 0.05295750243195694, 0.05309611698840141, 0.053278590870416795, 0.05344851851999684, 0.05351671118910676, 0.05359277056894005, 0.05363953549676183, 0.05368051789160292, 0.05373879245347409, 0.05374610843946167, 0.05382577055896455, 0.05386500172496757, 0.053877339898826135, 0.05388522284576878, 0.05392576095668257, 0.05393651040206413, 0.05393711489254782, 0.053940577479012666, 0.05394785055757255, 0.05395132692439423, 0.05395132692439423, 0.053958139121977486, 0.053960947250842425, 0.053991516746919786, 0.05399590811955814, 0.05400132823157859]

listEveGenDiversityMetric1_AllRunsAve:
[1.0, 1.0, 1.0, 1.0, 0.976, 0.9280000000000002, 0.756, 0.8940000000000001, 0.751, 0.7389999999999999, 0.766, 0.7899999999999999, 0.787, 0.8089999999999999, 0.7960000000000002, 0.778, 0.8150000000000002, 0.7599999999999999, 0.7570000000000001, 0.804, 0.804, 0.8019999999999999, 0.817, 0.799, 0.7949999999999999, 0.7849999999999999, 0.8130000000000001, 0.8299999999999998, 0.8370000000000001, 0.843, 0.827, 0.8280000000000001, 0.836, 0.851, 0.853, 0.852, 0.828, 0.8140000000000001, 0.836, 0.837, 0.8360000000000001, 0.827, 0.8290000000000001, 0.8430000000000002, 0.8400000000000001, 0.82, 0.8039999999999999, 0.796, 0.7650000000000001, 0.734, 0.7355, 0.7094999999999999, 0.7245, 0.6905, 0.629, 0.6313333333333333, 0.5828333333333333, 0.5875833333333333, 0.5594166666666668, 0.5864166666666667, 0.5456666666666666, 0.53625, 0.4993452380952381, 0.5155666666666667, 0.5510999999999999, 0.5415547619047618, 0.564882792207792, 0.5428583333333334, 0.5358912864912865, 0.5433670995670996, 0.564164627039627, 0.5563552808302809, 0.570957593387005, 0.5604747474747473, 0.5672108479626669, 0.5700112870789342, 0.5685649417661802, 0.5713923891167312, 0.5682718476177656, 0.5674207833016657, 0.5705990333744567]

listfEveGenProportion_belongToLocalSearchedIndNeighbor_exceptCurrLocalSearchedInd_AllRunsAve:
[0.0, 0.0, 0.0, 0.0, 0.0, 0.0, 0.0, 0.0, 0.0, 0.0, 0.0, 0.0, 0.0, 0.0, 0.0, 0.0, 0.0, 0.0, 0.0, 0.0, 0.0, 0.0, 0.0, 0.0, 0.0, 0.0, 0.0, 0.0, 0.0, 0.0, 0.0, 0.0, 0.0, 0.0, 0.0, 0.0, 0.0, 0.0, 0.001, 0.017, 0.037000000000000005, 0.065, 0.089, 0.099, 0.11100000000000002, 0.146, 0.194, 0.19899999999999998, 0.268, 0.362, 0.36, 0.41200000000000003, 0.43, 0.503, 0.5349999999999999, 0.5578333333333332, 0.6453333333333333, 0.6119166666666667, 0.6935, 0.6555833333333333, 0.7110833333333333, 0.7424999999999999, 0.79405, 0.7993166666666667, 0.7871968253968253, 0.8368690476190477, 0.8476705988455988, 0.8675527777777778, 0.8840935286935286, 0.8925811688311688, 0.8768444055944056, 0.8895196275946275, 0.896114640261699, 0.9297997294372294, 0.935472932047313, 0.9456772795015442, 0.9527948695267581, 0.9524853108149159, 0.9583585253968447, 0.9578635731915144, 0.9515138370655534]

listiAveDiversityMetric2EveGen:
[50.14468120804, 741.6418486236096, 507.480589845934, 272.28099135190286, 352.594789372513, 246.65172384042438, 100.7821904499541, 164.31386836037137, 63.03346036526885, 53.105125754514845, 18.263737892051825, 38.086979377614526, 13.414060348943986, 16.543958167533926, 10.973385299459242, 6.802594592388532, 21.732443909805124, 14.818350474441383, 3.8499034465870827, 5.715772806856444, 5.968606844199572, 5.388490888684828, 5.324352453831241, 5.153930382614021, 5.195805978981737, 5.605965987144169, 5.304276167737984, 5.377054504642382, 5.242048150188756, 5.171505976941129, 5.217774088358332, 5.189308486889092, 4.612127431894705, 3.3677050096928887, 3.1190187940006124, 2.047758832772166, 2.068863977145189, 2.176636424854607, 2.412905185185185, 2.588250313233344, 2.387126068768493, 2.458709621467197, 2.732230625446383, 2.9127496663605754, 2.7604290909090907, 2.633607080910111, 2.8085653627180895, 3.1831144413835326, 3.12214584634221, 3.1875322681359046, 3.3881869911465685, 3.6818827264807745, 4.3745530260877095, 4.970840779422711, 5.261507603503889, 3.9719497450993644, 4.433182650020716, 4.428607568715604, 4.72290392880577, 4.791838206196828, 5.030026032390317, 5.262995277279713, 4.947643586385287, 4.745118008563146, 4.788257738260581, 4.943985457691573, 5.320340330645204, 5.464367484916441, 5.546605960842257, 5.238241642976414, 5.1336815909063045, 4.9644977200032905, 4.913633775839336, 4.890220375033271, 4.868830088275475, 4.872343687730855, 4.8951079484320985, 4.971465589216982, 5.033712764932232, 5.054494001803465, 5.004047561314424]

listiAveFitEvaNumByThisGen:
[100, 2200, 4300, 6400, 8500, 10600, 12700, 14800, 16900, 19000, 21100, 23200, 25300, 27400, 29500, 31600, 33700, 35800, 37900, 40000, 42100, 44200, 46300, 48400, 50500, 52600, 54700, 56800, 58900, 61000, 63100, 65200, 67300, 69400, 71500, 73600, 75700, 77800, 79900, 82000, 84100, 86200, 88300, 90400, 92500, 94600, 96700, 98800, 100900, 103000, 105100, 107210, 109320, 111430, 113540, 115650, 117790, 119940, 122120, 124310, 126530, 128780, 131060, 133370, 135740, 138180, 140690, 143290, 145960, 148700, 151520, 154420, 157410, 160500, 163680, 166960, 170340, 173820, 177400, 181080, 184860]
------------------------new instance-----------------------------
listiEveGenLocalSearchedIndNum_AllRunsEve:
[0.0, 10.0, 20.0, 30.0, 40.0, 50.0, 60.0, 70.0, 80.0, 90.0, 100.0, 110.0, 120.0, 130.0, 140.0, 150.0, 160.0, 170.0, 180.0, 190.0, 200.0, 210.0, 220.0, 230.0, 240.0, 250.0, 260.0, 270.0, 280.0, 290.0, 300.0, 310.0, 320.0, 330.0, 340.0, 350.0, 360.0, 370.0, 380.0, 390.0, 400.0, 410.0, 420.0, 430.0, 440.0, 450.0, 460.0, 470.0, 480.0, 490.0, 500.0, 510.0, 520.0, 530.0, 540.0, 550.0, 560.0, 570.0, 580.0, 590.0, 600.0, 610.0, 620.0, 630.0, 640.0, 650.0, 660.0, 670.0, 680.0, 690.0, 700.0, 710.0, 720.0, 730.0, 740.0, 750.0, 760.0, 770.0, 780.0, 790.0, 800.0]

listfEveGenBestIndFitness_AllRunsAve:
[0.011750774153711724, 0.012210994202739313, 0.01337950584156622, 0.014372918452359048, 0.01548209663480058, 0.016520680302380047, 0.017416251294797146, 0.01814399661660341, 0.018831485298095675, 0.01959023343206307, 0.020308150866718274, 0.02093162175186685, 0.021675214815915354, 0.022288836009350423, 0.02290948925787524, 0.023534618771714956, 0.024234513349749045, 0.024892912499851448, 0.02564301672390274, 0.026354641074907863, 0.027083530191917105, 0.02797148134363462, 0.028794486712534755, 0.029586373350790486, 0.030390617153032783, 0.031212383510098075, 0.032048256923338146, 0.032899912896356194, 0.033754633087359064, 0.034636220925107944, 0.03555209726640696, 0.036487831478326356, 0.0374377920854961, 0.03840777571011021, 0.03939207326220864, 0.04039408859587099, 0.041371359789753974, 0.04235194096496008, 0.04333250432314602, 0.0442785617609949, 0.04520402842335741, 0.04609544060293226, 0.04695624661264548, 0.047884670416591855, 0.048614874131314115, 0.04935308031023314, 0.05004509102601503, 0.05064250477225043, 0.051254487821046565, 0.051707214287496125, 0.05207735469810697, 0.0525438764187514, 0.05276921602297161, 0.053049150627585105, 0.05319241050122688, 0.05334867046138849, 0.05353493742138453, 0.05366126643725309, 0.05367374186717294, 0.053745698888105285, 0.05389551912489421, 0.053905020873402196, 0.053912062226589744, 0.053912062226589744, 0.05395151323871457, 0.05399120487598037, 0.05399486799454759, 0.054057896028459285, 0.0541154772606133, 0.0541154772606133, 0.0541154772606133, 0.05416019644866084, 0.05421095978585074, 0.05421095978585074, 0.054224625605841625, 0.054224625605841625, 0.054224625605841625, 0.054224625605841625, 0.054224625605841625, 0.054224625605841625, 0.054237849068970626]

listEveGenDiversityMetric1_AllRunsAve:
[1.0, 1.0, 1.0, 1.0, 0.9949999999999999, 0.968, 0.8870000000000001, 0.7490000000000001, 0.756, 0.748, 0.769, 0.779, 0.807, 0.755, 0.805, 0.7950000000000002, 0.788, 0.7880000000000001, 0.8309999999999998, 0.817, 0.8309999999999998, 0.8480000000000001, 0.8109999999999999, 0.758, 0.7670000000000001, 0.793, 0.806, 0.8029999999999999, 0.795, 0.805, 0.836, 0.8470000000000001, 0.8400000000000001, 0.8299999999999998, 0.837, 0.853, 0.8400000000000001, 0.8149999999999998, 0.8390000000000001, 0.841, 0.8230000000000001, 0.837, 0.844, 0.8350000000000002, 0.8230000000000001, 0.8160000000000001, 0.825, 0.806, 0.7739999999999999, 0.794, 0.759, 0.7230000000000001, 0.778, 0.673, 0.644, 0.63, 0.596, 0.5911666666666667, 0.5995, 0.573, 0.597, 0.6066666666666667, 0.6224333333333333, 0.6237166666666667, 0.6449357142857142, 0.6270297619047619, 0.6386996031746032, 0.6361841269841271, 0.6461662337662337, 0.6552560966810966, 0.649746916971917, 0.6570035159285159, 0.6662037518037518, 0.677237296037296, 0.6775043396146339, 0.680636156000862, 0.6762411187496715, 0.6762491449211263, 0.6721989827982475, 0.6675692612770787, 0.6674665181224004]

listfEveGenProportion_belongToLocalSearchedIndNeighbor_exceptCurrLocalSearchedInd_AllRunsAve:
[0.0, 0.0, 0.0, 0.0, 0.0, 0.0, 0.0, 0.0, 0.0, 0.0, 0.0, 0.0, 0.0, 0.0, 0.0, 0.0, 0.0, 0.0, 0.0, 0.0, 0.0, 0.0, 0.0, 0.0, 0.0, 0.0, 0.0, 0.0, 0.0, 0.0, 0.0, 0.0, 0.0, 0.0, 0.0, 0.0, 0.0, 0.0, 0.0, 0.009, 0.018000000000000002, 0.030000000000000006, 0.05, 0.09500000000000001, 0.13, 0.179, 0.202, 0.22400000000000003, 0.26300000000000007, 0.285, 0.341, 0.42300000000000004, 0.361, 0.515, 0.552, 0.6105, 0.7115, 0.6406666666666666, 0.6716666666666666, 0.7856666666666667, 0.7531666666666667, 0.7493333333333333, 0.7585, 0.8269, 0.8332404761904761, 0.8651523809523811, 0.8462507936507937, 0.8785039682539681, 0.8808892857142856, 0.8840765512265513, 0.9048845848595848, 0.9178769147519148, 0.9205991341991343, 0.8973832167832168, 0.9024075340509163, 0.9054463764993177, 0.9357815096453252, 0.9385668251511131, 0.9551205532212885, 0.9615059160825415, 0.9623875324112031]

listiAveDiversityMetric2EveGen:
[50.14468120804, 1179.2136721191714, 99.5081617916539, 312.99230424650546, 397.4336272625242, 240.52713328843998, 181.85270260177535, 59.999480371390675, 84.86086780940721, 48.50671967758392, 59.93212557494134, 47.11969420263238, 41.789083603713905, 13.354476939087846, 9.385530537700232, 12.920751270278538, 16.03606709927558, 11.651453329252117, 16.44978210386696, 9.699877481889603, 8.983076845219873, 17.018143197632895, 8.189298989898992, 6.876275841240687, 6.910776957453322, 6.789674196510562, 6.6802528884807675, 5.519477718600141, 3.303304626058565, 1.8703246933986324, 2.019974255688195, 1.9425054912764004, 1.9503160738700132, 1.9725816549331703, 2.0649324926027957, 2.174887640036731, 2.1644805387205386, 2.048762942556882, 2.296667066625855, 2.3130754372002857, 2.360184291398837, 2.3904548923579227, 2.6283994776043262, 2.8885962044689317, 2.724209562289562, 3.002710058157331, 3.072885823895521, 3.3557063891439656, 3.0972174553616973, 3.375619700030609, 3.0850419508213442, 3.46841145597388, 3.580723297622692, 3.0341400469339863, 3.0739676522803796, 3.4126520189054945, 3.115220037707424, 3.0042177105707375, 3.131251650342543, 3.265914713336483, 3.902600112525915, 3.9899634461849587, 3.8893761165908196, 3.971857753783845, 4.091457400401675, 4.210146503117423, 4.319488497976508, 4.436986975869548, 4.57556748532151, 4.60388819561559, 4.604359069111368, 4.522373585697622, 4.643281796595906, 4.415372497463902, 4.296579673759314, 4.329716066056962, 4.38138488906868, 4.422989263531912, 4.454349981095577, 4.486563133410806, 4.536830687570433]

listiAveFitEvaNumByThisGen:
[100, 2200, 4300, 6400, 8500, 10600, 12700, 14800, 16900, 19000, 21100, 23200, 25300, 27400, 29500, 31600, 33700, 35800, 37900, 40000, 42100, 44200, 46300, 48400, 50500, 52600, 54700, 56800, 58900, 61000, 63100, 65200, 67300, 69400, 71500, 73600, 75700, 77800, 79900, 82000, 84100, 86200, 88300, 90400, 92500, 94600, 96700, 98800, 100900, 103000, 105100, 107200, 109300, 111400, 113500, 115600, 117720, 119840, 121990, 124160, 126350, 128580, 130840, 133140, 135490, 137910, 140390, 142960, 145600, 148330, 151150, 154050, 157040, 160130, 163310, 166580, 169940, 173390, 176940, 180590, 184340]
------------------------new instance-----------------------------
listiEveGenLocalSearchedIndNum_AllRunsEve:
[0.0, 10.0, 20.0, 30.0, 40.0, 50.0, 60.0, 70.0, 80.0, 90.0, 100.0, 110.0, 120.0, 130.0, 140.0, 150.0, 160.0, 170.0, 180.0, 190.0, 200.0, 210.0, 220.0, 230.0, 240.0, 250.0, 260.0, 270.0, 280.0, 290.0, 300.0, 310.0, 320.0, 330.0, 340.0, 350.0, 360.0, 370.0, 380.0, 390.0, 400.0, 410.0, 420.0, 430.0, 440.0, 450.0, 460.0, 470.0, 480.0, 490.0, 500.0, 510.0, 520.0, 530.0, 540.0, 550.0, 560.0, 570.0, 580.0, 590.0, 600.0, 610.0, 620.0, 630.0, 640.0, 650.0, 660.0, 670.0, 680.0, 690.0, 700.0, 710.0, 720.0, 730.0, 740.0, 750.0, 760.0, 770.0, 780.0, 790.0, 800.0]

listfEveGenBestIndFitness_AllRunsAve:
[0.011518237450153242, 0.011938818034042653, 0.013043860441809324, 0.014012860107495199, 0.014943550012910919, 0.015891693241274922, 0.01685328024841546, 0.017608959088461894, 0.018430402457833468, 0.019409824896833277, 0.02013297362976986, 0.02075701533470028, 0.021441974274705854, 0.022138076170109416, 0.022876928184441574, 0.023558596153101304, 0.024259406205366468, 0.024974471317355067, 0.02570486799590866, 0.026467495402680962, 0.027303761681078915, 0.028117186914749015, 0.02895543039450742, 0.02980595896633937, 0.030675050040409192, 0.03156691368108314, 0.03248814045831139, 0.03343644645847263, 0.03438900526099783, 0.03536185832568229, 0.03635525573155612, 0.03738029412689231, 0.03842321465906649, 0.03948372300897491, 0.040542030449163935, 0.041624184064198815, 0.04273136794954865, 0.043823026008986646, 0.04490710714664757, 0.04598672756365996, 0.047026880663409334, 0.04801093299370185, 0.04898846353147858, 0.049920157812502475, 0.05081872824899818, 0.051640783142609815, 0.052451092873943395, 0.053054758787102065, 0.05364882989397148, 0.05420222362872483, 0.054593664774991266, 0.05494495066936246, 0.05519911498676485, 0.05542926824576945, 0.05563869841566219, 0.05587820011455413, 0.05604860705715359, 0.05611158722525097, 0.05626990194174778, 0.05638022596738833, 0.05659506065926353, 0.05668310103123867, 0.05676057179894874, 0.05688754554075548, 0.05688754554075548, 0.056918850054731594, 0.05699095287661712, 0.05700418650094622, 0.05700418650094622, 0.05717010060255601, 0.05717010060255601, 0.05718314481019911, 0.0572162275438739, 0.0572162275438739, 0.057218758689368786, 0.057218758689368786, 0.05722274048657437, 0.05722274048657437, 0.05722274048657437, 0.05722274048657437, 0.05722274048657437]

listEveGenDiversityMetric1_AllRunsAve:
[1.0, 1.0, 1.0, 1.0, 1.0, 0.954, 0.9330000000000002, 0.8150000000000001, 0.8119999999999999, 0.8460000000000001, 0.7419999999999999, 0.7290000000000001, 0.731, 0.786, 0.7579999999999999, 0.762, 0.8150000000000001, 0.804, 0.7939999999999999, 0.79, 0.827, 0.8089999999999999, 0.7989999999999998, 0.818, 0.788, 0.8109999999999999, 0.836, 0.8389999999999999, 0.8320000000000001, 0.8110000000000002, 0.807, 0.8300000000000001, 0.844, 0.851, 0.8300000000000001, 0.8180000000000002, 0.844, 0.858, 0.852, 0.8500000000000002, 0.8620000000000001, 0.829, 0.8140000000000001, 0.8239999999999998, 0.8130000000000001, 0.8029999999999999, 0.8099999999999999, 0.8140000000000001, 0.7969999999999999, 0.797, 0.808, 0.7540000000000001, 0.7310000000000001, 0.7215, 0.7026666666666667, 0.6586666666666667, 0.63475, 0.5946999999999999, 0.5861666666666667, 0.6302380952380953, 0.609125, 0.6278888888888888, 0.6415333333333334, 0.6390984848484849, 0.6580238095238095, 0.6470134615384615, 0.6523214285714287, 0.6635500000000001, 0.6742628787878788, 0.6740368814192343, 0.6842576312576313, 0.6859064802156907, 0.6951944444444444, 0.693423081085581, 0.6968734975808506, 0.697883580187928, 0.693494857335647, 0.6916730617095322, 0.689872909035409, 0.6886884250438817, 0.6843871486143864]

listfEveGenProportion_belongToLocalSearchedIndNeighbor_exceptCurrLocalSearchedInd_AllRunsAve:
[0.0, 0.0, 0.0, 0.0, 0.0, 0.0, 0.0, 0.0, 0.0, 0.0, 0.0, 0.0, 0.0, 0.0, 0.0, 0.0, 0.0, 0.0, 0.0, 0.0, 0.0, 0.0, 0.0, 0.0, 0.0, 0.0, 0.0, 0.0, 0.0, 0.0, 0.0, 0.0, 0.0, 0.0, 0.0, 0.0, 0.0, 0.0, 0.001, 0.011, 0.016, 0.039, 0.06, 0.07100000000000001, 0.12799999999999997, 0.147, 0.198, 0.187, 0.265, 0.32, 0.34199999999999997, 0.44099999999999995, 0.45249999999999996, 0.4995000000000001, 0.5443333333333333, 0.6073333333333333, 0.63625, 0.7033, 0.7515000000000001, 0.6843571428571428, 0.744375, 0.7438888888888889, 0.7362666666666666, 0.7823712121212121, 0.7913690476190476, 0.8203153846153846, 0.8545555555555555, 0.8497833333333332, 0.8383140151515152, 0.8901426237161532, 0.8720027777777778, 0.8613786207944102, 0.8744666666666667, 0.919192882117882, 0.9173176470588237, 0.9246085576259491, 0.9325925944669369, 0.9427692738307443, 0.9506922313797315, 0.9556169996283387, 0.9607733334440496]

listiAveDiversityMetric2EveGen:
[50.14468120804, 1019.5160741720232, 319.86609229670444, 364.2354436853382, 303.2138217243138, 199.31072901132538, 292.00612674216916, 362.4327765860627, 54.35588144883176, 48.261680004081214, 90.04663871033569, 70.55103044179165, 21.4790540557086, 40.417537337006436, 33.11032577492092, 1.6015022630343843, 1.7554063462911949, 1.7396559208244056, 1.699152037547189, 1.7162681359045, 12.46317138251199, 1.658902495663708, 1.7249324599530662, 1.734218842975207, 1.744315184164881, 1.8012334414855626, 1.8952766125905522, 1.8732947903275174, 1.9135955596367715, 1.904927350270381, 2.0020407550249977, 2.012044175084175, 2.0458862728293035, 2.0529765860626465, 2.212010953984288, 2.07866077339047, 2.1657480338740944, 2.3985480991735537, 2.548965228037955, 2.70785854912764, 2.5789958902152845, 2.5958404693398633, 2.6222558759310273, 2.5397478175696353, 2.544766293235384, 2.8911808019589835, 3.3857633710845834, 3.173428760330579, 3.158901410060198, 3.4612604632180384, 3.5962641893684313, 3.5148382083460867, 3.624976632312145, 3.2922382770937775, 3.468299936960546, 3.6874265784274685, 3.6702785505376654, 3.4941458920004904, 3.2709049204137215, 3.2215437577048207, 3.2613325560420896, 3.1333428528752165, 2.9129437402892147, 3.1383140159108347, 3.136348249836619, 3.2193087547628947, 3.3081093914256585, 3.541563880225676, 3.6847721470767683, 3.646699097488463, 3.8169361023665935, 3.8363208188975877, 3.71372872034076, 3.800749384284682, 3.860397011782588, 3.9569677563803225, 4.006540001404537, 4.025243470628058, 4.061044055177759, 4.11596281355186, 4.130390699394928]

listiAveFitEvaNumByThisGen:
[100, 2200, 4300, 6400, 8500, 10600, 12700, 14800, 16900, 19000, 21100, 23200, 25300, 27400, 29500, 31600, 33700, 35800, 37900, 40000, 42100, 44200, 46300, 48400, 50500, 52600, 54700, 56800, 58900, 61000, 63100, 65200, 67300, 69400, 71500, 73600, 75700, 77800, 79900, 82000, 84100, 86200, 88300, 90400, 92500, 94600, 96700, 98800, 100900, 103000, 105100, 107200, 109300, 111410, 113520, 115640, 117760, 119900, 122050, 124220, 126430, 128660, 130930, 133250, 135610, 138030, 140500, 143030, 145650, 148350, 151120, 153980, 156920, 159940, 163040, 166240, 169540, 172940, 176440, 180040, 183740]
------------------------new instance-----------------------------
listiEveGenLocalSearchedIndNum_AllRunsEve:
[0.0, 10.0, 20.0, 30.0, 40.0, 50.0, 60.0, 70.0, 80.0, 90.0, 100.0, 110.0, 120.0, 130.0, 140.0, 150.0, 160.0, 170.0, 180.0, 190.0, 200.0, 210.0, 220.0, 230.0, 240.0, 250.0, 260.0, 270.0, 280.0, 290.0, 300.0, 310.0, 320.0, 330.0, 340.0, 350.0, 360.0, 370.0, 380.0, 390.0, 400.0, 410.0, 420.0, 430.0, 440.0, 450.0, 460.0, 470.0, 480.0, 490.0, 500.0, 510.0, 520.0, 530.0, 540.0, 550.0, 560.0, 570.0, 580.0, 590.0, 600.0, 610.0, 620.0, 630.0, 640.0, 650.0, 660.0, 670.0, 680.0, 690.0, 700.0, 710.0, 720.0, 730.0, 740.0, 750.0, 760.0, 770.0, 780.0, 790.0, 800.0]

listfEveGenBestIndFitness_AllRunsAve:
[0.011953093824197606, 0.012497444346469029, 0.013516277232844867, 0.014902614549315222, 0.015707027083259887, 0.016852421161896468, 0.01817427190023361, 0.0189357205079408, 0.019742451475963887, 0.020391460227911877, 0.021138037713573376, 0.021905610365619263, 0.022598099177972546, 0.02339880501878499, 0.02409360932861818, 0.024803637891621943, 0.02552650611234279, 0.02626765362372353, 0.027078672202003384, 0.02793515556426393, 0.02876764894415763, 0.02962687724081765, 0.030509172752945624, 0.031414177241555395, 0.03235311319171851, 0.03332317526248628, 0.03431937996745134, 0.03534512467084073, 0.03641561112704468, 0.03750529537334106, 0.0386059219049553, 0.039737468780413655, 0.04088996461695622, 0.042070273148655454, 0.04328505865419534, 0.04449706881097372, 0.04570109119311959, 0.04692921262239119, 0.04816659841435434, 0.04936051768733759, 0.050523939079657056, 0.05162058818235021, 0.05275539921593159, 0.05376509981590577, 0.0546314505875493, 0.05542499605546865, 0.056247869179827346, 0.056824818381374376, 0.05749507031000726, 0.0578516428996811, 0.05823022026839479, 0.05839550614151186, 0.05866548952224841, 0.05884688966145087, 0.058979857189905414, 0.0590579612444335, 0.05908894135106614, 0.05910928620334164, 0.0591300187541152, 0.05914764210708816, 0.059211939634067, 0.059211939634067, 0.0592509967057593, 0.0592509967057593, 0.059310109328725644, 0.059310109328725644, 0.05932847933009011, 0.059331849288040174, 0.05934271599234782, 0.059346311693582274, 0.059346311693582274, 0.059346311693582274, 0.059346311693582274, 0.059346311693582274, 0.05935877422917132, 0.05935877422917132, 0.05935877422917132, 0.05935877422917132, 0.05935877422917132, 0.05936779973205405, 0.05936779973205405]

listEveGenDiversityMetric1_AllRunsAve:
[1.0, 1.0, 1.0, 1.0, 0.974, 0.986, 0.905, 0.7379999999999999, 0.768, 0.752, 0.8160000000000001, 0.781, 0.733, 0.768, 0.744, 0.776, 0.7769999999999999, 0.778, 0.8030000000000002, 0.8, 0.797, 0.805, 0.8020000000000002, 0.8130000000000001, 0.812, 0.8220000000000001, 0.808, 0.806, 0.828, 0.8370000000000001, 0.8240000000000001, 0.8049999999999999, 0.8100000000000002, 0.8299999999999998, 0.8320000000000001, 0.829, 0.8119999999999999, 0.79, 0.8310000000000001, 0.8470000000000001, 0.841, 0.8380000000000001, 0.8300000000000001, 0.8400000000000001, 0.8280000000000001, 0.7979999999999999, 0.8069999999999998, 0.837, 0.798, 0.783, 0.703, 0.6339999999999999, 0.5890000000000002, 0.6060000000000001, 0.6168333333333333, 0.5786666666666667, 0.5791666666666667, 0.57515, 0.5489833333333334, 0.5685904761904763, 0.5561845238095239, 0.585938492063492, 0.5788166666666666, 0.6069525252525252, 0.6041742424242424, 0.6221130536130537, 0.6346963369963371, 0.648057509157509, 0.6544751248751249, 0.6581570028011205, 0.6618175036564743, 0.663155173472898, 0.6588107718047346, 0.6585076023391814, 0.6573152684261043, 0.6558707141288663, 0.6531246485488308, 0.6525296815985946, 0.6507613794667664, 0.6496264879564879, 0.6470157544455715]

listfEveGenProportion_belongToLocalSearchedIndNeighbor_exceptCurrLocalSearchedInd_AllRunsAve:
[0.0, 0.0, 0.0, 0.0, 0.0, 0.0, 0.0, 0.0, 0.0, 0.0, 0.0, 0.0, 0.0, 0.0, 0.0, 0.0, 0.0, 0.0, 0.0, 0.0, 0.0, 0.0, 0.0, 0.0, 0.0, 0.0, 0.0, 0.0, 0.0, 0.0, 0.0, 0.0, 0.0, 0.0, 0.0, 0.0, 0.0, 0.0, 0.006, 0.016999999999999998, 0.03, 0.049, 0.073, 0.069, 0.098, 0.182, 0.21500000000000002, 0.213, 0.25999999999999995, 0.272, 0.445, 0.532, 0.6049999999999999, 0.6050000000000001, 0.6265000000000001, 0.6878333333333333, 0.7463333333333334, 0.7578166666666666, 0.8448333333333334, 0.8188952380952379, 0.8705952380952381, 0.8384920634920634, 0.872625, 0.8587676767676768, 0.9036047619047618, 0.8946092657342659, 0.8975503052503052, 0.9017323260073262, 0.9132847596847598, 0.920543137254902, 0.9326632787147492, 0.9443173184185956, 0.9540893606221779, 0.9564297305764413, 0.958623779729043, 0.9596368600602296, 0.9606896201792555, 0.9626316238471675, 0.9659795508247304, 0.9661951282051282, 0.9681364373494121]

listiAveDiversityMetric2EveGen:
[50.14468120804, 1099.6430313763901, 568.0450487746149, 336.29154370370367, 300.9209601101928, 344.75590919293944, 85.85816247321702, 68.57504397510458, 24.08272747270686, 48.241284693398626, 71.31542979695949, 34.12432352208959, 34.03466968676666, 44.899775194367926, 1.4925817202326292, 1.7036887991021328, 1.67853423936333, 1.7104708662381392, 4.060732006938068, 13.964994282216102, 1.731769819406183, 1.780379961228446, 1.8613174329150088, 1.7941383613916948, 1.7848111335578, 1.786779030711152, 1.7781073114988266, 1.8013432262014082, 1.8688030364248545, 1.876614876033058, 1.810958653198653, 1.8414960759106216, 1.87155261707989, 1.9776478155290278, 1.9671818630751967, 2.024730749923477, 2.139272694622998, 2.038936043260892, 2.0921303866952345, 2.236384389348026, 2.2397877685950416, 2.411698092031425, 2.577440926436078, 3.02108906029997, 2.86842185899398, 2.9410710458116514, 3.442477057443118, 3.534853933272115, 3.123736459544944, 2.938631396796245, 3.0577693582287524, 2.7783903315988168, 3.1561812915022904, 3.514406872466123, 3.7803115267375462, 3.6600248669941755, 3.808137743298606, 3.7357633458121753, 3.761522171355952, 3.964898551858024, 4.004618940035809, 4.236494048929854, 4.244620151798699, 4.4531439734849645, 4.569662045058828, 4.882757410509838, 5.125474489102949, 5.348535810560971, 5.223541432278077, 5.094553408234409, 4.974510416478746, 4.898218479479182, 4.909012612890133, 4.92821144189209, 4.978592343455409, 5.005551237834565, 5.008717259803978, 5.018425687317572, 4.9871765854292756, 5.024583370308359, 5.040662067927055]

listiAveFitEvaNumByThisGen:
[100, 2200, 4300, 6400, 8500, 10600, 12700, 14800, 16900, 19000, 21100, 23200, 25300, 27400, 29500, 31600, 33700, 35800, 37900, 40000, 42100, 44200, 46300, 48400, 50500, 52600, 54700, 56800, 58900, 61000, 63100, 65200, 67300, 69400, 71500, 73600, 75700, 77800, 79900, 82000, 84100, 86200, 88300, 90400, 92500, 94600, 96700, 98800, 100900, 103000, 105100, 107200, 109300, 111410, 113550, 115720, 117910, 120130, 122380, 124680, 127060, 129500, 132030, 134640, 137350, 140150, 143050, 146050, 149150, 152340, 155630, 159020, 162510, 166100, 169790, 173580, 177470, 181460, 185550, 189740, 194030]
------------------------new instance-----------------------------
listiEveGenLocalSearchedIndNum_AllRunsEve:
[0.0, 10.0, 20.0, 30.0, 40.0, 50.0, 60.0, 70.0, 80.0, 90.0, 100.0, 110.0, 120.0, 130.0, 140.0, 150.0, 160.0, 170.0, 180.0, 190.0, 200.0, 210.0, 220.0, 230.0, 240.0, 250.0, 260.0, 270.0, 280.0, 290.0, 300.0, 310.0, 320.0, 330.0, 340.0, 350.0, 360.0, 370.0, 380.0, 390.0, 400.0, 410.0, 420.0, 430.0, 440.0, 450.0, 460.0, 470.0, 480.0, 490.0, 500.0, 510.0, 520.0, 530.0, 540.0, 550.0, 560.0, 570.0, 580.0, 590.0, 600.0, 610.0, 620.0, 630.0, 640.0, 650.0, 660.0, 670.0, 680.0, 690.0, 700.0, 710.0, 720.0, 730.0, 740.0, 750.0, 760.0, 770.0, 780.0, 790.0, 800.0]

listfEveGenBestIndFitness_AllRunsAve:
[0.0117392456131157, 0.012234534006586004, 0.01332729596103226, 0.014357707346505552, 0.015357090150423233, 0.01634312266330526, 0.017164371562336696, 0.018007992613585103, 0.019097331526048648, 0.019788563415722493, 0.020387441758772044, 0.021126401847039195, 0.021782502726725918, 0.022436439724108068, 0.023057375423664588, 0.023693338088407716, 0.024347403449917766, 0.025021419951138914, 0.02580792539525146, 0.02654988776660246, 0.027307949187537935, 0.028068599776036117, 0.028919513739392298, 0.029800378281239142, 0.030652874510981438, 0.031529888566716964, 0.03242375621176702, 0.03333957731752195, 0.03426838213176488, 0.035211391552409564, 0.0361790068882194, 0.037140070838738395, 0.038095801742593256, 0.03905684624416907, 0.04002836681344493, 0.04100616687254903, 0.04198767213127709, 0.042953991247306283, 0.04388861868727328, 0.044786926938881394, 0.04564044271680627, 0.046445179793762795, 0.047222347518868876, 0.04794238144540761, 0.04861439247013147, 0.04929733659137723, 0.049851169518814534, 0.050397523244092655, 0.050844763521226334, 0.05120930788214647, 0.05157649949541672, 0.0519153035477249, 0.052174583671087384, 0.05237686270152483, 0.052602567131343515, 0.052713659680948245, 0.05309934872379949, 0.05318324661471008, 0.05341208563735186, 0.05354649997022528, 0.053677654653818616, 0.05386745754661765, 0.05386745754661765, 0.05398544065744898, 0.05407069325775954, 0.05407069325775954, 0.05412198485902088, 0.05414759823422184, 0.05415474635974955, 0.05415474635974955, 0.05415474635974955, 0.05425251510570824, 0.054278796783317804, 0.05428448728121974, 0.05428448728121974, 0.05428448728121974, 0.05428448728121974, 0.05428448728121974, 0.05428448728121974, 0.05428448728121974, 0.05428448728121974]

listEveGenDiversityMetric1_AllRunsAve:
[1.0, 1.0, 1.0, 0.9800000000000001, 0.983, 0.9730000000000001, 0.8530000000000001, 0.8, 0.9019999999999999, 0.689, 0.7249999999999999, 0.7829999999999999, 0.754, 0.779, 0.7870000000000001, 0.7859999999999999, 0.8019999999999999, 0.794, 0.808, 0.78, 0.8109999999999999, 0.8089999999999999, 0.797, 0.817, 0.825, 0.8229999999999998, 0.826, 0.8240000000000001, 0.828, 0.8260000000000002, 0.8300000000000001, 0.8319999999999999, 0.8240000000000001, 0.8109999999999999, 0.828, 0.833, 0.8380000000000001, 0.841, 0.834, 0.8230000000000001, 0.8299999999999998, 0.8389999999999999, 0.829, 0.8190000000000002, 0.8099999999999999, 0.825, 0.8300000000000001, 0.8089999999999999, 0.8150000000000001, 0.808, 0.785, 0.754, 0.745, 0.7115, 0.672, 0.613, 0.61, 0.65, 0.6335, 0.625, 0.6119166666666667, 0.5842499999999999, 0.61575, 0.5792333333333333, 0.590952380952381, 0.5737976190476191, 0.5904944444444444, 0.5960944444444445, 0.5878324675324675, 0.6003560606060605, 0.5942904151404151, 0.6142521062271062, 0.614575468975469, 0.6233956349206349, 0.6420359800330389, 0.6516789915966387, 0.653417786891471, 0.6528123936735779, 0.6532521693992283, 0.6512682706182706, 0.6505850424556374]

listfEveGenProportion_belongToLocalSearchedIndNeighbor_exceptCurrLocalSearchedInd_AllRunsAve:
[0.0, 0.0, 0.0, 0.0, 0.0, 0.0, 0.0, 0.0, 0.0, 0.0, 0.0, 0.0, 0.0, 0.0, 0.0, 0.0, 0.0, 0.0, 0.0, 0.0, 0.0, 0.0, 0.0, 0.0, 0.0, 0.0, 0.0, 0.0, 0.0, 0.0, 0.0, 0.0, 0.0, 0.0, 0.0, 0.0, 0.0, 0.0, 0.006, 0.012, 0.024, 0.028000000000000004, 0.041999999999999996, 0.056999999999999995, 0.09, 0.127, 0.139, 0.186, 0.225, 0.254, 0.30700000000000005, 0.36899999999999994, 0.398, 0.43150000000000005, 0.4795, 0.5675000000000001, 0.589, 0.5619999999999999, 0.5223333333333333, 0.6156666666666667, 0.6200833333333333, 0.6955000000000001, 0.6314, 0.7085999999999999, 0.7418571428571429, 0.7941607142857143, 0.8019916666666667, 0.8227555555555556, 0.8683359307359308, 0.8488712121212121, 0.8961288766788765, 0.883903205128205, 0.8935735930735932, 0.8773035714285715, 0.8830059550743374, 0.9012466619981326, 0.9264078833447256, 0.9391467570441254, 0.9432225898284722, 0.9508084693084694, 0.9493237946264262]

listiAveDiversityMetric2EveGen:
[50.14468120804, 857.8657274482193, 451.14641957351296, 305.74181977757377, 198.26206522191615, 306.42148815427, 225.2648316212632, 125.83960296704417, 124.33328240791757, 23.976324791347825, 5.3837010958065505, 16.486992453831242, 8.153665952453833, 5.8462049382716055, 1.658314898479747, 1.6820114682175291, 4.022382401795736, 5.286514682175287, 14.775803093561882, 1.7452786287113562, 1.8852385185185185, 1.8896377267625748, 5.884418765432099, 6.922088917457404, 1.9098051545760633, 1.9031768839914291, 1.888064597490052, 1.881715726966636, 1.8412186674829099, 1.8474264095500454, 2.004935643301704, 2.092568709315376, 2.0271961146821758, 2.003509747984899, 2.0473413243546577, 2.0261005693296603, 2.148007786960514, 2.10237936537088, 2.129452700744822, 2.199305589225589, 2.435733268033874, 2.4842400734618915, 2.5473242077339053, 2.6316413549637794, 2.6275030711151928, 2.7978686909499033, 3.087233392510968, 3.0376903132333437, 3.2647542577288036, 3.6859517314559738, 3.844173945515764, 4.445655508621568, 6.411195212733395, 7.055825431268554, 6.895098748737254, 3.9326700367666296, 3.0838249688097195, 3.6407695494990606, 3.817488986134611, 3.2025449566275697, 3.4211583388081754, 3.9327368777599068, 3.6462609032805693, 3.233899397935253, 3.4745681663995485, 3.628790258518811, 3.852262867250063, 4.126350971199767, 4.3032375200485316, 4.49354249236033, 4.579144450155587, 4.676055757690767, 4.688068452482964, 4.783248546771344, 4.646642640962002, 4.591833042167997, 4.603633455000418, 4.636503352587696, 4.719114780350873, 4.738173684705627, 4.770143704010231]

listiAveFitEvaNumByThisGen:
[100, 2200, 4300, 6400, 8500, 10600, 12700, 14800, 16900, 19000, 21100, 23200, 25300, 27400, 29500, 31600, 33700, 35800, 37900, 40000, 42100, 44200, 46300, 48400, 50500, 52600, 54700, 56800, 58900, 61000, 63100, 65200, 67300, 69400, 71500, 73600, 75700, 77800, 79900, 82000, 84100, 86200, 88300, 90400, 92500, 94600, 96700, 98800, 100900, 103000, 105100, 107200, 109300, 111400, 113510, 115620, 117730, 119840, 121970, 124110, 126260, 128420, 130590, 132790, 135020, 137300, 139610, 141970, 144400, 146890, 149460, 152100, 154840, 157670, 160590, 163600, 166700, 169890, 173170, 176550, 180030]
------------------------new instance-----------------------------
listiEveGenLocalSearchedIndNum_AllRunsEve:
[0.0, 10.0, 20.0, 30.0, 40.0, 50.0, 60.0, 70.0, 80.0, 90.0, 100.0, 110.0, 120.0, 130.0, 140.0, 150.0, 160.0, 170.0, 180.0, 190.0, 200.0, 210.0, 220.0, 230.0, 240.0, 250.0, 260.0, 270.0, 280.0, 290.0, 300.0, 310.0, 320.0, 330.0, 340.0, 350.0, 360.0, 370.0, 380.0, 390.0, 400.0, 410.0, 420.0, 430.0, 440.0, 450.0, 460.0, 470.0, 480.0, 490.0, 500.0, 510.0, 520.0, 530.0, 540.0, 550.0, 560.0, 570.0, 580.0, 590.0, 600.0, 610.0, 620.0, 630.0, 640.0, 650.0, 660.0, 670.0, 680.0, 690.0, 700.0, 710.0, 720.0, 730.0, 740.0, 750.0, 760.0, 770.0, 780.0, 790.0, 800.0]

listfEveGenBestIndFitness_AllRunsAve:
[0.011896220991384788, 0.012342419471502528, 0.013454284996730048, 0.014710158718441646, 0.015911577131718167, 0.016933168481927517, 0.01746831882502146, 0.01865749439851929, 0.019360946474726897, 0.019962282835099855, 0.020637366643324155, 0.021333964585560562, 0.0220301725214863, 0.022642542541687405, 0.023333273787782154, 0.02399344911849009, 0.024783913087121103, 0.025476746343707113, 0.026341474401918745, 0.027103896392564986, 0.02788146911646396, 0.028669746110354156, 0.02946791552317382, 0.030322228358100372, 0.031143901415105202, 0.031996806107045556, 0.03286160138291824, 0.03375055688290194, 0.03464571511153609, 0.035549556376271815, 0.036459697671125176, 0.03737862568482032, 0.038303907115118746, 0.039298652070306604, 0.0402597912410095, 0.04121684757249032, 0.04218377933651387, 0.0431563368223397, 0.044119668716565905, 0.04502883381647456, 0.045888374879905505, 0.04671681553950809, 0.047487588381214016, 0.048154439992897057, 0.04877257108395415, 0.04931745358647669, 0.04988076092873226, 0.050332985551552634, 0.050785443084319835, 0.051112030848142906, 0.05135998580378619, 0.051714431030283094, 0.051895141462969474, 0.05205302544884095, 0.052409573329715256, 0.05267026231436084, 0.05279194937084698, 0.05297817642350581, 0.053100221744351375, 0.05314871251911428, 0.05322040010020337, 0.05327550046278677, 0.05347376517814991, 0.05353253314272542, 0.0535603086396656, 0.053570565821150364, 0.053590434003083234, 0.05363145706902417, 0.05373300982784209, 0.05376588877874446, 0.05379619549541189, 0.05381112721079277, 0.05383782179484511, 0.05386213370457564, 0.0538963087524242, 0.053896568688328095, 0.05390069816309464, 0.05390125712676099, 0.053910716997656906, 0.05391183492498959, 0.05391183492498959]

listEveGenDiversityMetric1_AllRunsAve:
[1.0, 1.0, 1.0, 1.0, 0.975, 0.891, 0.739, 0.9179999999999999, 0.756, 0.732, 0.777, 0.7649999999999999, 0.7719999999999999, 0.768, 0.8059999999999998, 0.808, 0.8220000000000001, 0.772, 0.827, 0.808, 0.825, 0.8130000000000001, 0.796, 0.8079999999999998, 0.784, 0.782, 0.8140000000000001, 0.817, 0.8310000000000001, 0.8099999999999999, 0.829, 0.807, 0.8029999999999999, 0.808, 0.8219999999999998, 0.8160000000000001, 0.8390000000000001, 0.842, 0.8520000000000001, 0.8480000000000001, 0.85, 0.853, 0.852, 0.8290000000000001, 0.827, 0.8309999999999998, 0.8049999999999999, 0.8039999999999999, 0.747, 0.7320000000000001, 0.6709999999999999, 0.6250000000000001, 0.6539999999999999, 0.6180000000000001, 0.594, 0.6655, 0.6895, 0.669, 0.654, 0.6345833333333334, 0.612, 0.5824333333333332, 0.5945666666666668, 0.6455095238095239, 0.6285357142857142, 0.629672619047619, 0.6016611111111112, 0.6107868686868687, 0.6143212121212123, 0.6219194638694638, 0.628178205128205, 0.6523710622710623, 0.6634704365079366, 0.667877614379085, 0.6682998599439776, 0.668265899709166, 0.6663963337831758, 0.6701017158280316, 0.6703980519480519, 0.6701497553171466, 0.6712342684666853]

listfEveGenProportion_belongToLocalSearchedIndNeighbor_exceptCurrLocalSearchedInd_AllRunsAve:
[0.0, 0.0, 0.0, 0.0, 0.0, 0.0, 0.0, 0.0, 0.0, 0.0, 0.0, 0.0, 0.0, 0.0, 0.0, 0.0, 0.0, 0.0, 0.0, 0.0, 0.0, 0.0, 0.0, 0.0, 0.0, 0.0, 0.0, 0.0, 0.0, 0.0, 0.0, 0.0, 0.0, 0.0, 0.0, 0.0, 0.0, 0.0, 0.008, 0.013000000000000001, 0.016, 0.034, 0.05500000000000001, 0.10400000000000001, 0.151, 0.176, 0.194, 0.227, 0.28800000000000003, 0.30200000000000005, 0.41400000000000003, 0.504, 0.46299999999999997, 0.532, 0.6129999999999999, 0.525, 0.522, 0.5776666666666668, 0.6249999999999999, 0.6685000000000001, 0.7223333333333333, 0.7833166666666667, 0.7692333333333334, 0.6951809523809523, 0.7549523809523808, 0.7862003968253968, 0.8360083333333334, 0.8353858585858587, 0.8423257575757577, 0.824460606060606, 0.851348901098901, 0.8407960622710624, 0.8638501984126984, 0.8773999183006536, 0.8879019024276378, 0.9025808385714733, 0.9128701304543408, 0.9217950549450549, 0.9249666666666666, 0.9373855166572558, 0.9450986897799559]

listiAveDiversityMetric2EveGen:
[50.14468120804, 1548.6683708233854, 346.1825624528109, 290.6265680318335, 242.01077614937253, 105.30510094072031, 86.17222520151003, 58.35417276604428, 116.90361688399143, 52.570890631568204, 27.440312380369352, 16.577427062544636, 28.546192111009084, 18.44435784103663, 24.31217415773901, 6.210858092031426, 5.603191657994083, 1.6864599122538517, 1.6060217406387103, 1.713140585654525, 1.8316910192837466, 1.7610918722579327, 1.7093436996224873, 3.6967790388735837, 3.0331064013876134, 1.5145661707988984, 1.727326027956331, 1.6905810590756043, 1.843947825732068, 1.838367709417407, 1.8559953800632587, 1.8947031690643814, 1.853820842771146, 3.849880689725537, 4.418306376900317, 1.990235118865422, 2.051654386287113, 2.1255404468931745, 2.3969784307723705, 2.5601789082746658, 2.4574240995816754, 2.7243104907662485, 2.926551441689623, 3.161703087440057, 3.4898790817263547, 3.266310670339761, 3.3140974512804817, 3.2162821589633714, 3.0669684970921334, 2.4958304132231413, 2.705600061218243, 2.930734043464953, 3.2821367982858893, 3.6872043669013363, 3.987302226303439, 4.8636409501408275, 4.406245268673578, 3.5143378489221133, 3.576805350037368, 3.843870357852212, 3.825829389839252, 4.158789891896982, 4.561362362500516, 4.754664125865243, 4.741687010985109, 4.809169979624822, 4.933907476350486, 5.206714523690442, 5.428293748034505, 5.62145802575982, 5.705929186820288, 5.770548774922547, 5.545621273870308, 5.488484299085693, 5.4934705610210735, 5.541630833480401, 5.540267603669473, 5.589589410981431, 5.621964577054288, 5.626022327285807, 5.6026523059025815]

listiAveFitEvaNumByThisGen:
[100, 2200, 4300, 6400, 8500, 10600, 12700, 14800, 16900, 19000, 21100, 23200, 25300, 27400, 29500, 31600, 33700, 35800, 37900, 40000, 42100, 44200, 46300, 48400, 50500, 52600, 54700, 56800, 58900, 61000, 63100, 65200, 67300, 69400, 71500, 73600, 75700, 77800, 79900, 82000, 84100, 86200, 88300, 90400, 92500, 94600, 96700, 98800, 100900, 103000, 105100, 107200, 109300, 111400, 113500, 115600, 117730, 119870, 122030, 124200, 126380, 128580, 130800, 133060, 135370, 137720, 140130, 142580, 145100, 147690, 150350, 153070, 155880, 158780, 161770, 164850, 168020, 171280, 174640, 178100, 181660]
------------------------new instance-----------------------------
listiEveGenLocalSearchedIndNum_AllRunsEve:
[0.0, 10.0, 20.0, 30.0, 40.0, 50.0, 60.0, 70.0, 80.0, 90.0, 100.0, 110.0, 120.0, 130.0, 140.0, 150.0, 160.0, 170.0, 180.0, 190.0, 200.0, 210.0, 220.0, 230.0, 240.0, 250.0, 260.0, 270.0, 280.0, 290.0, 300.0, 310.0, 320.0, 330.0, 340.0, 350.0, 360.0, 370.0, 380.0, 390.0, 400.0, 410.0, 420.0, 430.0, 440.0, 450.0, 460.0, 470.0, 480.0, 490.0, 500.0, 510.0, 520.0, 530.0, 540.0, 550.0, 560.0, 570.0, 580.0, 590.0, 600.0, 610.0, 620.0, 630.0, 640.0, 650.0, 660.0, 670.0, 680.0, 690.0, 700.0, 710.0, 720.0, 730.0, 740.0, 750.0, 760.0, 770.0, 780.0, 790.0, 800.0]

listfEveGenBestIndFitness_AllRunsAve:
[0.011656343102362833, 0.01221597238955925, 0.013346392234996406, 0.01442305347531533, 0.015418620662717129, 0.016252244485363315, 0.017129966050109302, 0.017754565065750343, 0.01858197152298296, 0.019185611837781055, 0.01990788517774449, 0.020455830736856518, 0.021012674427213704, 0.021794165474616815, 0.022428250683799045, 0.023033259278028673, 0.023669686026066204, 0.02430396634292341, 0.02514377178153296, 0.025847186841639717, 0.026571232560176385, 0.027306381017992133, 0.02805439508342456, 0.02882978541323099, 0.029631273685276675, 0.03046635015624833, 0.031365546031009786, 0.0322766383015168, 0.033203639283299655, 0.03416366534698948, 0.035157732792888544, 0.03619140482679947, 0.037250046549645345, 0.03829836361301949, 0.03935806031166693, 0.04043114323057369, 0.04152901961966583, 0.042657376699571294, 0.04377260989309466, 0.044899591949507066, 0.04604189707087959, 0.047160447978538134, 0.048261500020209555, 0.04928458479883606, 0.050247147586731954, 0.051146098562174835, 0.05195978127241713, 0.052691223106567806, 0.053505142635154324, 0.05411219822609727, 0.054681739100182467, 0.055060643970220036, 0.05562953508066197, 0.05603766379555168, 0.05643196090386219, 0.0566033936519685, 0.05671806836875648, 0.05687331692905051, 0.05695152117365817, 0.057062531440996586, 0.05711506786584179, 0.057140858104692785, 0.05716934205012843, 0.05717541391653913, 0.05720432222640883, 0.057257178620362816, 0.057257178620362816, 0.05731586727178419, 0.057349069367750305, 0.057350009671939206, 0.05735471883257014, 0.05737828761752902, 0.05739102881766036, 0.05739664530768157, 0.05740301668799942, 0.05740301668799942, 0.057409454842508555, 0.057409454842508555, 0.057409454842508555, 0.057409454842508555, 0.05742970916202407]

listEveGenDiversityMetric1_AllRunsAve:
[1.0, 1.0, 1.0, 1.0, 0.961, 0.9520000000000002, 0.8400000000000001, 0.774, 0.843, 0.7130000000000001, 0.782, 0.78, 0.78, 0.8109999999999999, 0.7300000000000001, 0.724, 0.7469999999999999, 0.793, 0.8240000000000001, 0.7839999999999999, 0.786, 0.7950000000000002, 0.776, 0.7739999999999999, 0.7960000000000002, 0.806, 0.829, 0.808, 0.7999999999999999, 0.8, 0.82, 0.8340000000000002, 0.834, 0.8309999999999998, 0.8009999999999999, 0.8139999999999998, 0.812, 0.85, 0.8540000000000001, 0.8549999999999999, 0.851, 0.8629999999999999, 0.8560000000000001, 0.8520000000000001, 0.844, 0.833, 0.8240000000000001, 0.8109999999999999, 0.812, 0.808, 0.8019999999999999, 0.791, 0.74, 0.783, 0.7550000000000001, 0.7070000000000001, 0.697, 0.651, 0.5914999999999999, 0.5549999999999999, 0.6003333333333334, 0.60975, 0.6081, 0.6076666666666666, 0.6221904761904762, 0.6307833333333333, 0.6434, 0.6473285714285714, 0.6628663419913419, 0.657531746031746, 0.6660507326007326, 0.6667844155844154, 0.6719714646464646, 0.6742527292152293, 0.6760929906694612, 0.6772916194916195, 0.6784227139088982, 0.680156456043956, 0.6787655893126481, 0.6754152810167129, 0.675273251596596]

listfEveGenProportion_belongToLocalSearchedIndNeighbor_exceptCurrLocalSearchedInd_AllRunsAve:
[0.0, 0.0, 0.0, 0.0, 0.0, 0.0, 0.0, 0.0, 0.0, 0.0, 0.0, 0.0, 0.0, 0.0, 0.0, 0.0, 0.0, 0.0, 0.0, 0.0, 0.0, 0.0, 0.0, 0.0, 0.0, 0.0, 0.0, 0.0, 0.0, 0.0, 0.0, 0.0, 0.0, 0.0, 0.0, 0.0, 0.0, 0.0, 0.0, 0.0, 0.0, 0.008, 0.032999999999999995, 0.05600000000000001, 0.09, 0.122, 0.15299999999999997, 0.196, 0.254, 0.20800000000000002, 0.29300000000000004, 0.339, 0.413, 0.38, 0.4010000000000001, 0.51, 0.527, 0.635, 0.685, 0.7688333333333334, 0.7116666666666667, 0.7912500000000001, 0.7719666666666668, 0.8240000000000001, 0.8088928571428571, 0.8369583333333332, 0.8437444444444443, 0.876307142857143, 0.8660036796536797, 0.8810515873015874, 0.8744421550671551, 0.9025380591630592, 0.9081032828282829, 0.9193393550893552, 0.9232640614287673, 0.9271548451548453, 0.9415388087789405, 0.9462634750053865, 0.950984066831861, 0.9581247244671391, 0.955998487533839]

listiAveDiversityMetric2EveGen:
[50.14468120804, 847.0177508948067, 380.0687444015917, 252.33400954596473, 217.65840644015915, 259.7461877767575, 249.1313819202122, 99.46521938169573, 79.52144324048567, 33.86098287521681, 10.267919946944188, 17.05026692378329, 21.91080152637486, 27.3576555657586, 19.32628321191715, 9.07659535557596, 4.737305976941128, 4.22890347107438, 9.37074620957045, 4.765050933578206, 1.6287062136516681, 1.7267470503009896, 1.6795241465156618, 1.6926542679318437, 1.7870850729517396, 1.7764876726864607, 5.151611962044688, 1.7197312600755024, 1.818842746658504, 1.8452020324456686, 1.8383424548515457, 1.8403357698194065, 1.8139177471686563, 1.8068226344250586, 1.9113131149882665, 1.9804600346903378, 2.1313083644526065, 2.286800889705132, 2.4403796020814204, 2.4872606142230382, 2.4166517049280687, 2.4751708682787474, 2.555366150392817, 2.645880926436078, 2.7647401938577696, 2.8497559963269055, 2.9691007203346595, 2.813595559636772, 3.1482467013570044, 3.4373415610651974, 3.0291974451586574, 2.9719838587899194, 3.6163269258238957, 3.682121710029589, 2.6642406693194576, 2.729983720028569, 2.7303660030851153, 2.8631488542875423, 3.171407284957472, 3.3534266548444416, 3.521282397203497, 3.7471299699932414, 4.062316947899182, 4.235400581750509, 4.5766224866415035, 4.825419479787025, 5.0550558065155045, 5.0591505580384295, 5.025436900421364, 5.044109359939407, 5.168579491666493, 5.225711268990262, 5.133379975703954, 5.117039289905755, 5.134207382747432, 5.203532789113869, 5.19242126691931, 5.17739238030261, 5.1757875705745695, 5.166767658034399, 5.229540909251279]

listiAveFitEvaNumByThisGen:
[100, 2200, 4300, 6400, 8500, 10600, 12700, 14800, 16900, 19000, 21100, 23200, 25300, 27400, 29500, 31600, 33700, 35800, 37900, 40000, 42100, 44200, 46300, 48400, 50500, 52600, 54700, 56800, 58900, 61000, 63100, 65200, 67300, 69400, 71500, 73600, 75700, 77800, 79900, 82000, 84100, 86200, 88300, 90400, 92500, 94600, 96700, 98800, 100900, 103000, 105100, 107200, 109300, 111400, 113500, 115600, 117700, 119810, 121930, 124050, 126180, 128340, 130530, 132770, 135050, 137400, 139810, 142300, 144870, 147540, 150290, 153130, 156050, 159070, 162190, 165410, 168730, 172150, 175670, 179290, 183010]
------------------------new instance-----------------------------
