listiEveGenLocalSearchedIndNum_AllRunsEve:
[0.0, 10.0, 20.0, 30.0, 40.0, 50.0, 60.0, 70.0, 80.0, 90.0, 100.0, 110.0, 120.0, 130.0, 140.0, 150.0, 160.0, 170.0, 180.0, 190.0, 200.0]

listfEveGenBestIndFitness_AllRunsAve:
[0.08026170625825388, 0.09506623518879599, 0.11540427889865904, 0.1377122237977141, 0.15765535018934174, 0.17280433722720676, 0.1798901243409209, 0.18402101231114856, 0.18639443920371565, 0.18774547118115292, 0.18804964121605441, 0.18812918372972037, 0.18812918372972037, 0.18812918372972037, 0.18812918372972037, 0.18812918372972037, 0.18812918372972037, 0.18812918372972037, 0.18812918372972037, 0.18812918372972037, 0.18812918372972037]

listEveGenDiversityMetric1_AllRunsAve:
[1.0, 0.9916666666666666, 0.7849999999999999, 0.7083333333333334, 0.6333333333333332, 0.6316666666666666, 0.5922222222222221, 0.5319444444444444, 0.5088888888888888, 0.5352777777777776, 0.5401515151515152, 0.5929040404040403, 0.5929513888888888, 0.5158040223665223, 0.5220323426573427, 0.5010253355515452, 0.47730582328364585, 0.4477123980337493, 0.41843794034250875, 0.3860796965552067, 0.35429921639119394]

listfEveGenProportion_belongToLocalSearchedIndNeighbor_exceptCurrLocalSearchedInd_AllRunsAve:
[0.0, 0.0, 0.0, 0.0016666666666666668, 0.016666666666666666, 0.14833333333333334, 0.38638888888888895, 0.5586111111111111, 0.6566666666666667, 0.6755555555555556, 0.7233585858585859, 0.7230050505050504, 0.757316919191919, 0.8677335858585857, 0.8709611568986568, 0.9137508996379964, 0.9383095406684117, 0.9576959458988864, 0.9673185622836274, 0.9729975892119023, 0.9793452681389552]

listiAveDiversityMetric2EveGen:
[7.0414072022160665, 26.461239150507847, 10.041633425669435, 5.370211449676825, 3.9712169898430285, 2.982990766389658, 2.3145339485132315, 2.0573092799971904, 2.102489363789982, 2.028672090725378, 2.2637760505180884, 2.3556539691841185, 2.4079758328770464, 2.2875300913769467, 2.390789274896855, 2.439271522646529, 2.459109964002203, 2.4545843360566897, 2.4388407724800394, 2.4373657607746773, 2.435024418814664]

listiAveFitEvaNumByThisGen:
[20, 340, 660, 980, 1300, 1620, 1940, 2263, 2590, 2926, 3286, 3673, 4100, 4570, 5083, 5680, 6363, 7143, 8023, 9003, 10083]
------------------------new instance-----------------------------
listiEveGenLocalSearchedIndNum_AllRunsEve:
[0.0, 10.0, 20.0, 30.0, 40.0, 50.0, 60.0, 70.0, 80.0, 90.0, 100.0, 110.0, 120.0, 130.0, 140.0, 150.0, 160.0, 170.0, 180.0, 190.0, 200.0]

listfEveGenBestIndFitness_AllRunsAve:
[0.08901373004300525, 0.10866990735205687, 0.13097032764214206, 0.1530787071549288, 0.16581710024545385, 0.1744315462243387, 0.17948111996878469, 0.1820959282957522, 0.1829933584991957, 0.18358274284091283, 0.18371234790198993, 0.18371234790198993, 0.18379193365773303, 0.18379193365773303, 0.18379193365773303, 0.18379193365773303, 0.18379193365773303, 0.18379193365773303, 0.18379193365773303, 0.18379193365773303, 0.18379193365773303]

listEveGenDiversityMetric1_AllRunsAve:
[1.0, 0.9849999999999999, 0.7633333333333333, 0.7549999999999998, 0.67, 0.6333333333333332, 0.5649999999999998, 0.5375, 0.5111111111111111, 0.5408333333333334, 0.6584343434343435, 0.6049494949494948, 0.5146338383838384, 0.5091139069264069, 0.4771130605505606, 0.4782518903587452, 0.47277948194278846, 0.45883847985908355, 0.4350537428701661, 0.40877578297673883, 0.379970258137691]

listfEveGenProportion_belongToLocalSearchedIndNeighbor_exceptCurrLocalSearchedInd_AllRunsAve:
[0.0, 0.0, 0.0, 0.008333333333333333, 0.05833333333333334, 0.1716666666666666, 0.4100000000000001, 0.5627777777777777, 0.6922222222222222, 0.7352777777777777, 0.6290151515151515, 0.7272727272727273, 0.8371717171717172, 0.8400270562770562, 0.8949114080364083, 0.9049856259332064, 0.9311800662002274, 0.9507330758599444, 0.9651961005837192, 0.9719793012686091, 0.9767983773363924]

listiAveDiversityMetric2EveGen:
[7.0414072022160665, 21.056562326869813, 8.87259926131117, 4.8989972299168985, 3.4930424746075706, 2.714925207756232, 2.490843951985226, 2.2844660284261074, 2.231675047856668, 2.3009473340039404, 2.7553256576553684, 2.796403318553295, 2.8098395267597263, 3.02498688122877, 3.115496144170563, 3.185043164047334, 3.2155550478046155, 3.2222084228399606, 3.21644885923163, 3.1984959809277234, 3.1813318883321764]

listiAveFitEvaNumByThisGen:
[20, 340, 660, 980, 1300, 1620, 1940, 2260, 2586, 2926, 3290, 3703, 4143, 4610, 5143, 5733, 6410, 7183, 8056, 9030, 10103]
------------------------new instance-----------------------------
listiEveGenLocalSearchedIndNum_AllRunsEve:
[0.0, 10.0, 20.0, 30.0, 40.0, 50.0, 60.0, 70.0, 80.0, 90.0, 100.0, 110.0, 120.0, 130.0, 140.0, 150.0, 160.0, 170.0, 180.0, 190.0, 200.0]

listfEveGenBestIndFitness_AllRunsAve:
[0.09248853889457292, 0.1105243287834288, 0.13560519140571375, 0.16173958546562126, 0.17763237263498113, 0.18943788532224998, 0.19896382865581624, 0.20347370068831966, 0.2066172815447425, 0.20707125891048622, 0.20799282079005074, 0.20827745352962182, 0.2085264550622323, 0.2085264550622323, 0.2085264550622323, 0.2085264550622323, 0.2085264550622323, 0.2085264550622323, 0.2085264550622323, 0.2085264550622323, 0.2085264550622323]

listEveGenDiversityMetric1_AllRunsAve:
[1.0, 0.9883333333333332, 0.7766666666666666, 0.7216666666666666, 0.6400000000000001, 0.6, 0.6033333333333332, 0.5474999999999999, 0.47833333333333344, 0.5427777777777777, 0.6059848484848485, 0.6495454545454546, 0.5435542929292929, 0.5651050685425686, 0.520687715062715, 0.5015745018870019, 0.49904273108910213, 0.4776950024488872, 0.4475166747404031, 0.41675998882174525, 0.38461253566638354]

listfEveGenProportion_belongToLocalSearchedIndNeighbor_exceptCurrLocalSearchedInd_AllRunsAve:
[0.0, 0.0, 0.0, 0.013333333333333334, 0.060000000000000005, 0.21500000000000002, 0.36, 0.5527777777777778, 0.6966666666666669, 0.7050000000000001, 0.6819444444444444, 0.6784343434343435, 0.8492613636363638, 0.8226501623376623, 0.8880377955377956, 0.9264444627952694, 0.9349788961784928, 0.949557102261174, 0.9615600149270145, 0.971603205099684, 0.9788791159040306]

listiAveDiversityMetric2EveGen:
[7.0414072022160665, 21.495724838411817, 8.620088642659278, 4.262342566943675, 3.0743822714681435, 2.804090489381348, 2.4972594644506003, 2.074473908354644, 1.8501000713992986, 1.9512600188283815, 2.15080037450778, 2.3477296911706063, 2.1852779754354628, 2.406919957580507, 2.4618728792067244, 2.4921241822669495, 2.5848539095639476, 2.6249360056449675, 2.659584488894625, 2.6703733888577417, 2.6600848349010144]

listiAveFitEvaNumByThisGen:
[20, 340, 660, 980, 1300, 1620, 1940, 2260, 2583, 2913, 3270, 3663, 4096, 4546, 5066, 5650, 6310, 7070, 7930, 8890, 9950]
------------------------new instance-----------------------------
listiEveGenLocalSearchedIndNum_AllRunsEve:
[0.0, 10.0, 20.0, 30.0, 40.0, 50.0, 60.0, 70.0, 80.0, 90.0, 100.0, 110.0, 120.0, 130.0, 140.0, 150.0, 160.0, 170.0, 180.0, 190.0, 200.0]

listfEveGenBestIndFitness_AllRunsAve:
[0.08046338168605822, 0.09619901058110174, 0.11795517758061416, 0.14475202091418857, 0.16434344402054796, 0.1764614733025402, 0.18470411767442022, 0.1891346696781804, 0.19078774229992673, 0.1915875930173006, 0.19199092799196235, 0.19199092799196235, 0.19199092799196235, 0.19199092799196235, 0.19199092799196235, 0.19199092799196235, 0.19199092799196235, 0.19199092799196235, 0.19199092799196235, 0.19199092799196235, 0.19199092799196235]

listEveGenDiversityMetric1_AllRunsAve:
[1.0, 0.9883333333333332, 0.7766666666666667, 0.7333333333333333, 0.6616666666666665, 0.6183333333333334, 0.5900000000000001, 0.5413888888888889, 0.538611111111111, 0.6391666666666669, 0.6052777777777777, 0.613762626262626, 0.5189267676767676, 0.5232012085137085, 0.4943439893439894, 0.49271942663071705, 0.47659699656675464, 0.4500359503683658, 0.41647335844155375, 0.38322980883364643, 0.35096585043231393]

listfEveGenProportion_belongToLocalSearchedIndNeighbor_exceptCurrLocalSearchedInd_AllRunsAve:
[0.0, 0.0, 0.0, 0.005000000000000001, 0.03666666666666667, 0.14, 0.3133333333333333, 0.5425, 0.7258333333333334, 0.6716666666666669, 0.7008333333333333, 0.7195707070707072, 0.8462405303030303, 0.8483283730158729, 0.9084010087135088, 0.9172191641244061, 0.9414477439376633, 0.9595682269256229, 0.9705903645462535, 0.9786732744025595, 0.9863519187279013]

listiAveDiversityMetric2EveGen:
[7.0414072022160665, 24.799687903970455, 8.277754385964915, 4.824721144967683, 3.1624524469067405, 2.4517119113573407, 2.480927977839335, 2.5650239888180932, 2.3994795995181875, 2.615588302565246, 2.6327658462005195, 2.7310099368913487, 2.5929803391847535, 2.694867928182717, 2.7189392698112664, 2.7303975633807807, 2.713509859557151, 2.69072656522481, 2.6612789039293907, 2.6503129271779335, 2.6390149267335925]

listiAveFitEvaNumByThisGen:
[20, 340, 660, 980, 1300, 1620, 1940, 2260, 2583, 2923, 3300, 3703, 4146, 4623, 5180, 5810, 6536, 7363, 8290, 9316, 10443]
------------------------new instance-----------------------------
listiEveGenLocalSearchedIndNum_AllRunsEve:
[0.0, 10.0, 20.0, 30.0, 40.0, 50.0, 60.0, 70.0, 80.0, 90.0, 100.0, 110.0, 120.0, 130.0, 140.0, 150.0, 160.0, 170.0, 180.0, 190.0, 200.0]

listfEveGenBestIndFitness_AllRunsAve:
[0.08412624868663056, 0.10038891645825629, 0.1234076059638717, 0.14650377372260054, 0.16752699299505774, 0.17999006542515694, 0.1844593908095676, 0.1878322748991925, 0.189170957270456, 0.18963258513312295, 0.18976474216317032, 0.18976474216317032, 0.18976474216317032, 0.18976474216317032, 0.18976474216317032, 0.18976474216317032, 0.18976474216317032, 0.18976474216317032, 0.18976474216317032, 0.18976474216317032, 0.18976474216317032]

listEveGenDiversityMetric1_AllRunsAve:
[1.0, 0.9916666666666666, 0.7999999999999999, 0.7000000000000001, 0.6600000000000001, 0.605, 0.5349999999999999, 0.46, 0.5141666666666667, 0.5755555555555555, 0.6197222222222222, 0.5447979797979798, 0.5049779040404039, 0.48395968614718626, 0.480524753024753, 0.46634428855194976, 0.46140980882916366, 0.43097057330436556, 0.39969164774023586, 0.36577568783169917, 0.3331079407522315]

listfEveGenProportion_belongToLocalSearchedIndNeighbor_exceptCurrLocalSearchedInd_AllRunsAve:
[0.0, 0.0, 0.0, 0.0, 0.014999999999999998, 0.14, 0.41500000000000004, 0.5916666666666668, 0.6658333333333332, 0.7077777777777778, 0.6572222222222222, 0.7768434343434344, 0.837790404040404, 0.8788167388167387, 0.9049438755688756, 0.9333107696514956, 0.9368089101758458, 0.9594709043833749, 0.9700433809486078, 0.978985213516643, 0.9834406773581265]

listiAveDiversityMetric2EveGen:
[7.0414072022160665, 21.187775623268696, 9.60481809787627, 3.951316712834718, 2.7838180978762703, 2.2733785780240074, 2.0849907663896583, 1.93845891043398, 2.366934055815942, 2.512472644660493, 2.568512716360601, 2.398441784394572, 2.3705473045122236, 2.4800199057630388, 2.569728490337604, 2.5818010107763603, 2.6171307096253384, 2.5849128338297858, 2.5718823638162496, 2.5511371852653286, 2.52389152893178]

listiAveFitEvaNumByThisGen:
[20, 340, 660, 980, 1300, 1620, 1940, 2260, 2580, 2920, 3290, 3696, 4133, 4620, 5170, 5803, 6526, 7350, 8270, 9290, 10410]
------------------------new instance-----------------------------
listiEveGenLocalSearchedIndNum_AllRunsEve:
[0.0, 10.0, 20.0, 30.0, 40.0, 50.0, 60.0, 70.0, 80.0, 90.0, 100.0, 110.0, 120.0, 130.0, 140.0, 150.0, 160.0, 170.0, 180.0, 190.0, 200.0]

listfEveGenBestIndFitness_AllRunsAve:
[0.08784228177563093, 0.1082119796051145, 0.13397453656960784, 0.1630350132552165, 0.18667136086098793, 0.20556220507612394, 0.21621216894279988, 0.2205589226458659, 0.2215109547787621, 0.2216844192696364, 0.2217422407665945, 0.2219157052574688, 0.2219157052574688, 0.2219157052574688, 0.2219157052574688, 0.2219157052574688, 0.2219157052574688, 0.2219157052574688, 0.2219157052574688, 0.2219157052574688, 0.2219157052574688]

listEveGenDiversityMetric1_AllRunsAve:
[1.0, 0.9933333333333333, 0.8049999999999998, 0.7433333333333333, 0.6849999999999998, 0.6316666666666665, 0.5299999999999999, 0.4527777777777776, 0.45138888888888873, 0.5413888888888889, 0.6035353535353534, 0.5356881313131313, 0.4645017135642136, 0.44943913725163726, 0.42973138532614324, 0.4053065352359707, 0.3791569989059663, 0.3494325186106307, 0.32034818471398513, 0.2918907950898577, 0.2653902812952953]

listfEveGenProportion_belongToLocalSearchedIndNeighbor_exceptCurrLocalSearchedInd_AllRunsAve:
[0.0, 0.0, 0.0, 0.006666666666666667, 0.02666666666666667, 0.10833333333333331, 0.2983333333333333, 0.5341666666666668, 0.6525, 0.7263888888888889, 0.6888131313131314, 0.7891382575757575, 0.8531669372294372, 0.8893013236763235, 0.9397059783854137, 0.9599377399780624, 0.977872193626521, 0.9855358008148943, 0.9876377212005109, 0.9904480191317112, 0.9925472100940272]

listiAveDiversityMetric2EveGen:
[7.0414072022160665, 20.943685133887353, 9.986544783010158, 5.664920590951062, 3.5346638965835644, 2.2989861495844877, 1.7259815327793164, 1.4307252719765147, 1.6577756614694834, 2.0412331291015855, 2.340279489299144, 2.1315601213679063, 2.064567638462758, 2.160613886861681, 2.2174012678699198, 2.260648536037414, 2.27631644497838, 2.2918052066689425, 2.292251490917037, 2.2839220376992473, 2.2757326602319403]

listiAveFitEvaNumByThisGen:
[20, 340, 660, 980, 1300, 1620, 1940, 2260, 2583, 2926, 3303, 3716, 4160, 4653, 5223, 5880, 6633, 7486, 8440, 9493, 10646]
------------------------new instance-----------------------------
listiEveGenLocalSearchedIndNum_AllRunsEve:
[0.0, 10.0, 20.0, 30.0, 40.0, 50.0, 60.0, 70.0, 80.0, 90.0, 100.0, 110.0, 120.0, 130.0, 140.0, 150.0, 160.0, 170.0, 180.0, 190.0, 200.0]

listfEveGenBestIndFitness_AllRunsAve:
[0.08712810051758652, 0.10535784913816328, 0.12678469756473357, 0.15306842293448467, 0.17150080327726966, 0.18552605531998725, 0.193189551319917, 0.19631732273936678, 0.1982859190593843, 0.19889254038779622, 0.199080904215761, 0.199088035018808, 0.19922146645771863, 0.19922146645771863, 0.19922146645771863, 0.19922146645771863, 0.19922146645771863, 0.19922146645771863, 0.19922146645771863, 0.19922146645771863, 0.19922146645771863]

listEveGenDiversityMetric1_AllRunsAve:
[1.0, 0.9866666666666666, 0.7766666666666666, 0.7433333333333333, 0.6683333333333334, 0.6266666666666667, 0.5800000000000001, 0.48138888888888876, 0.4616666666666666, 0.6069444444444443, 0.5533333333333332, 0.5615151515151513, 0.5212910353535353, 0.47598439754689753, 0.4544661935286935, 0.4546794010201268, 0.4394223712368873, 0.41449894479300464, 0.38815286952272554, 0.3615306955117649, 0.33203374480462616]

listfEveGenProportion_belongToLocalSearchedIndNeighbor_exceptCurrLocalSearchedInd_AllRunsAve:
[0.0, 0.0, 0.0, 0.0033333333333333335, 0.03833333333333334, 0.16499999999999998, 0.365, 0.5633333333333332, 0.6977777777777777, 0.6, 0.738838383838384, 0.74260101010101, 0.798153409090909, 0.8804604076479075, 0.9188804251304251, 0.9315857775736808, 0.9523967646749901, 0.9684829263969703, 0.9748879186412968, 0.9770561587215988, 0.9806533719885977]

listiAveDiversityMetric2EveGen:
[7.0414072022160665, 18.222139427516154, 11.402783933518005, 6.0393240997229904, 3.604566020313942, 3.2067156048014778, 2.1097608494921514, 1.9968641868113637, 1.9106212706453862, 2.364358635576693, 2.316882928963411, 2.549873840005694, 2.519295682514288, 2.4768732924099295, 2.5010184273174234, 2.547912575983068, 2.585687880183421, 2.625622208084503, 2.648847539620015, 2.66712644436655, 2.6740952289864612]

listiAveFitEvaNumByThisGen:
[20, 340, 660, 980, 1300, 1620, 1940, 2260, 2583, 2920, 3300, 3700, 4136, 4623, 5163, 5776, 6483, 7290, 8196, 9203, 10310]
------------------------new instance-----------------------------
listiEveGenLocalSearchedIndNum_AllRunsEve:
[0.0, 10.0, 20.0, 30.0, 40.0, 50.0, 60.0, 70.0, 80.0, 90.0, 100.0, 110.0, 120.0, 130.0, 140.0, 150.0, 160.0, 170.0, 180.0, 190.0, 200.0]

listfEveGenBestIndFitness_AllRunsAve:
[0.09010666909100631, 0.10855992016779017, 0.13564000035155388, 0.16906338254390882, 0.19650947689834117, 0.22011015990981206, 0.2339427054602707, 0.24865814246930576, 0.25449950239221464, 0.2568065652039413, 0.25752728318328116, 0.25762140833228114, 0.25762140833228114, 0.25762140833228114, 0.25762140833228114, 0.25762140833228114, 0.25762140833228114, 0.25762140833228114, 0.25762140833228114, 0.25762140833228114, 0.25762140833228114]

listEveGenDiversityMetric1_AllRunsAve:
[1.0, 0.9916666666666666, 0.8149999999999998, 0.7433333333333334, 0.6650000000000001, 0.6166666666666667, 0.5750000000000001, 0.5249999999999999, 0.5355555555555556, 0.5383333333333333, 0.631388888888889, 0.5725, 0.582004419191919, 0.5302299783549784, 0.5202906468531469, 0.4926791689493303, 0.468543061627739, 0.44103938789668534, 0.413968691295642, 0.3833946073379299, 0.3499352999941049]

listfEveGenProportion_belongToLocalSearchedIndNeighbor_exceptCurrLocalSearchedInd_AllRunsAve:
[0.0, 0.0, 0.0, 0.0016666666666666668, 0.028333333333333332, 0.10833333333333331, 0.3516666666666667, 0.5349999999999999, 0.6508333333333333, 0.7219444444444443, 0.6413888888888888, 0.7844444444444443, 0.7814741161616161, 0.8794764610389609, 0.8976419413919413, 0.9280275985215501, 0.95235682216529, 0.964790118199835, 0.9753390995390617, 0.98301065490725, 0.98981771916055]

listiAveDiversityMetric2EveGen:
[7.0414072022160665, 20.243997229916893, 10.008929824561402, 6.6026851338873485, 4.245205909510618, 2.5945355493998155, 2.2061652816251156, 1.9671052631578947, 1.9878306432978203, 2.0938203164487783, 2.4955341461317935, 2.31832791853194, 2.4563830637659425, 2.389793639070549, 2.408376836842242, 2.421470623959048, 2.4277215432997736, 2.4293882752283182, 2.4305157638814476, 2.420074252543333, 2.4062750545948224]

listiAveFitEvaNumByThisGen:
[20, 340, 660, 980, 1300, 1620, 1940, 2260, 2580, 2916, 3276, 3676, 4103, 4590, 5133, 5763, 6483, 7296, 8210, 9223, 10336]
------------------------new instance-----------------------------
