listiEveGenLocalSearchedIndNum_AllRunsEve:
[0.0, 10.0, 20.0, 29.0, 37.1, 45.833333333333336, 55.833333333333336, 65.83333333333333, 75.83333333333333, 85.83333333333333, 95.83333333333333]

listfEveGenBestIndFitness_AllRunsAve:
[0.3052604244421081, 0.39622944628173357, 0.40594497453552086, 0.4059784047303752, 0.4059784047303752, 0.4059784047303752, 0.4059784047303752, 0.4059784047303752, 0.4059784047303752, 0.4059784047303752, 0.4059784047303752]

listEveGenDiversityMetric1_AllRunsAve:
[0.9916666666666667, 0.7516666666666668, 0.24000000000000005, 0.20867676767676777, 0.4186212121212121, 0.3254675324675323, 0.187717803030303, 0.11416937229437231, 0.062257326007326017, 0.030788431998109426, 0.013330346475507765]

listfEveGenProportion_belongToLocalSearchedIndNeighbor_exceptCurrLocalSearchedInd_AllRunsAve:
[0.0, 0.0, 0.4083333333333334, 0.8084696969696968, 0.8194545454545457, 0.9051753246753246, 0.9726893939393938, 0.9907359307359307, 0.9959577228327228, 0.9989835164835164, 1.0]

listiAveDiversityMetric2EveGen:
[2.499062788550323, 1.5677063711911354, 1.0483508771929826, 1.1169634450379993, 1.7742013585780865, 1.6909129301129882, 1.4609560646647695, 1.3905895364714906, 1.2406561801840497, 1.137627928412194, 0.9844775568832087]

listiAveFitEvaNumByThisGen:
[20, 140, 260, 370, 483, 656, 886, 1196, 1606, 2116, 2726]
------------------------new instance-----------------------------
listiEveGenLocalSearchedIndNum_AllRunsEve:
[0.0, 10.0, 20.0, 29.7, 37.36666666666667, 46.5, 56.5, 66.5, 76.5, 86.5, 96.5]

listfEveGenBestIndFitness_AllRunsAve:
[0.2689884762873454, 0.32924076395264135, 0.3432335866919036, 0.34750339427005356, 0.3479438040170273, 0.3479438040170273, 0.3479438040170273, 0.3479438040170273, 0.3479438040170273, 0.3479438040170273, 0.3479438040170273]

listEveGenDiversityMetric1_AllRunsAve:
[0.9916666666666667, 0.7850000000000001, 0.36333333333333334, 0.177962962962963, 0.4866582491582492, 0.3398641173641173, 0.21271148989898991, 0.12953373015873015, 0.07028769841269841, 0.03328961361219427, 0.014841122139509234]

listfEveGenProportion_belongToLocalSearchedIndNeighbor_exceptCurrLocalSearchedInd_AllRunsAve:
[0.0, 0.0, 0.31333333333333335, 0.8083333333333332, 0.7711195286195284, 0.9144588744588745, 0.9714867424242424, 0.9940340909090907, 0.9973859126984126, 0.9998412698412698, 1.0]

listiAveDiversityMetric2EveGen:
[2.499062788550323, 1.8780978762696212, 1.47881163434903, 0.7582511654050871, 1.812409701277929, 1.8272848591663702, 1.818429189865932, 1.844027680091286, 1.7968144739855885, 1.5815490722049206, 1.2718549491672129]

listiAveFitEvaNumByThisGen:
[20, 140, 260, 377, 476, 656, 874, 1177, 1577, 2077, 2677]
------------------------new instance-----------------------------
listiEveGenLocalSearchedIndNum_AllRunsEve:
[0.0, 10.0, 20.0, 29.9, 38.36666666666667, 47.666666666666664, 57.666666666666664, 67.66666666666667, 77.66666666666667, 87.66666666666667, 97.66666666666667]

listfEveGenBestIndFitness_AllRunsAve:
[0.3127211722152107, 0.35993938521280633, 0.37976759415411615, 0.3810419957148288, 0.38119195064112316, 0.38119195064112316, 0.38119195064112316, 0.38119195064112316, 0.38119195064112316, 0.38119195064112316, 0.38119195064112316]

listEveGenDiversityMetric1_AllRunsAve:
[0.9916666666666667, 0.7816666666666666, 0.495, 0.296060606060606, 0.5568989898989899, 0.35937121212121215, 0.21822285353535353, 0.12543650793650793, 0.06252938034188035, 0.03349058647445745, 0.021817847624299246]

listfEveGenProportion_belongToLocalSearchedIndNeighbor_exceptCurrLocalSearchedInd_AllRunsAve:
[0.0, 0.0, 0.39, 0.8724242424242424, 0.7499579124579125, 0.9257878787878785, 0.983156565656566, 0.9957102272727273, 0.9999206349206349, 1.0, 1.0]

listiAveDiversityMetric2EveGen:
[2.499062788550323, 2.018888273314866, 1.8225983379501387, 1.9968029713228712, 2.3177882350802737, 2.0293377854528885, 1.85946673176931, 1.8198648677447005, 1.7687612838812259, 1.8603743452768877, 1.9890480965425381]

listiAveFitEvaNumByThisGen:
[20, 140, 260, 379, 486, 675, 894, 1198, 1601, 2104, 2708]
------------------------new instance-----------------------------
listiEveGenLocalSearchedIndNum_AllRunsEve:
[0.0, 10.0, 20.0, 29.433333333333334, 36.166666666666664, 45.56666666666667, 55.56666666666667, 65.56666666666666, 75.56666666666666, 85.56666666666666, 95.56666666666666]

listfEveGenBestIndFitness_AllRunsAve:
[0.29211049156142455, 0.3883510727795182, 0.43030782362848324, 0.43030782362848324, 0.43030782362848324, 0.43030782362848324, 0.43030782362848324, 0.43030782362848324, 0.43030782362848324, 0.43030782362848324, 0.43030782362848324]

listEveGenDiversityMetric1_AllRunsAve:
[0.9916666666666667, 0.7699999999999999, 0.2766666666666666, 0.1739999999999999, 0.43649867724867714, 0.2898939393939394, 0.16078598484848483, 0.08374098124098124, 0.04159111721611722, 0.020094922998148804, 0.010080300523848913]

listfEveGenProportion_belongToLocalSearchedIndNeighbor_exceptCurrLocalSearchedInd_AllRunsAve:
[0.0, 0.0, 0.38500000000000006, 0.8325, 0.798313492063492, 0.9246902356902357, 0.9890183080808079, 0.9968141233766235, 0.9996577380952381, 1.0, 1.0]

listiAveDiversityMetric2EveGen:
[2.499062788550323, 1.5752280701754389, 1.1060904893813481, 0.8564941344236253, 1.8364411173700588, 1.7106522160172444, 1.549046140406225, 1.3878946023109962, 1.2743683752926964, 1.1750099247477894, 1.0560131354321833]

listiAveFitEvaNumByThisGen:
[20, 140, 260, 374, 477, 663, 913, 1256, 1699, 2243, 2886]
------------------------new instance-----------------------------
listiEveGenLocalSearchedIndNum_AllRunsEve:
[0.0, 10.0, 20.0, 29.0, 35.6, 45.1, 55.1, 65.1, 75.1, 85.1, 95.1]

listfEveGenBestIndFitness_AllRunsAve:
[0.26209420902246905, 0.3304415868569969, 0.3427158023656089, 0.3427158023656089, 0.3427158023656089, 0.3427158023656089, 0.3427158023656089, 0.3427158023656089, 0.3427158023656089, 0.3427158023656089, 0.3427158023656089]

listEveGenDiversityMetric1_AllRunsAve:
[0.9916666666666667, 0.7700000000000001, 0.2483333333333334, 0.14583333333333334, 0.4962837902837903, 0.2817171717171717, 0.17466856060606067, 0.09557900432900433, 0.04897435897435899, 0.02477194848162591, 0.013085424133811231]

listfEveGenProportion_belongToLocalSearchedIndNeighbor_exceptCurrLocalSearchedInd_AllRunsAve:
[0.0, 0.0, 0.435, 0.8927777777777778, 0.766535594035594, 0.9326641414141414, 0.9811805555555554, 0.9944597763347764, 0.9994406288156287, 1.0, 1.0]

listiAveDiversityMetric2EveGen:
[2.499062788550323, 1.6258513388734999, 1.0285863342566943, 0.8854293647627609, 2.1179432706395174, 1.8012171771744598, 1.7187449291596146, 1.598358088407887, 1.5116878186620752, 1.392905579017357, 1.3284179143219055]

listiAveFitEvaNumByThisGen:
[20, 140, 260, 370, 466, 655, 889, 1219, 1649, 2179, 2809]
------------------------new instance-----------------------------
listiEveGenLocalSearchedIndNum_AllRunsEve:
[0.0, 10.0, 20.0, 29.766666666666666, 38.56666666666667, 48.06666666666667, 57.9, 67.9, 77.9, 87.9, 97.9]

listfEveGenBestIndFitness_AllRunsAve:
[0.27842055741309957, 0.30864699255125677, 0.31457644618949004, 0.3163173384913076, 0.3163173384913076, 0.3163173384913076, 0.3163173384913076, 0.3163173384913076, 0.3163173384913076, 0.3163173384913076, 0.3163173384913076]

listEveGenDiversityMetric1_AllRunsAve:
[0.9916666666666667, 0.7966666666666667, 0.4483333333333333, 0.30213636363636365, 0.49850000000000017, 0.3317020202020203, 0.2458143939393939, 0.14525613275613278, 0.08008498445998448, 0.04552120258773486, 0.025393937006840235]

listfEveGenProportion_belongToLocalSearchedIndNeighbor_exceptCurrLocalSearchedInd_AllRunsAve:
[0.0, 0.0, 0.5483333333333332, 0.8747171717171717, 0.7708535353535354, 0.9056683501683502, 0.9498895202020203, 0.9875852272727274, 0.9992708333333333, 0.9996875000000001, 1.0]

listiAveDiversityMetric2EveGen:
[2.499062788550323, 2.223755309325947, 1.5531449676823639, 1.1985414427866348, 1.9227778092191232, 2.035534069531987, 2.0823851649844887, 2.0403780319769833, 1.8663625321913366, 1.6822664897092754, 1.6072119281657715]

listiAveFitEvaNumByThisGen:
[20, 140, 260, 377, 498, 689, 912, 1225, 1632, 2139, 2745]
------------------------new instance-----------------------------
listiEveGenLocalSearchedIndNum_AllRunsEve:
[0.0, 10.0, 20.0, 29.233333333333334, 36.2, 45.333333333333336, 55.333333333333336, 65.33333333333333, 75.33333333333333, 85.33333333333333, 95.33333333333333]

listfEveGenBestIndFitness_AllRunsAve:
[0.22463601709331132, 0.2903653759701236, 0.3007537777632273, 0.3007537777632273, 0.3007537777632273, 0.3007537777632273, 0.3007537777632273, 0.3007537777632273, 0.3007537777632273, 0.3007537777632273, 0.3007537777632273]

listEveGenDiversityMetric1_AllRunsAve:
[0.9916666666666667, 0.7516666666666665, 0.23166666666666666, 0.16509259259259254, 0.42204689754689756, 0.314225468975469, 0.1804324494949495, 0.11264069264069267, 0.06447649572649573, 0.03330664854858404, 0.013890612076095949]

listfEveGenProportion_belongToLocalSearchedIndNeighbor_exceptCurrLocalSearchedInd_AllRunsAve:
[0.0, 0.0, 0.39499999999999996, 0.8000185185185185, 0.8192560125060128, 0.8925206830206829, 0.9716098484848488, 0.9895075757575756, 0.9948225732600731, 0.9987630469888534, 0.9998387096774194]

listiAveDiversityMetric2EveGen:
[2.499062788550323, 1.5327349953831944, 0.9409824561403511, 0.7734050329531513, 1.7071963941568593, 1.7961725912571171, 1.685490691200583, 1.5927088009425177, 1.492729221856978, 1.37701132350052, 1.1715283233904499]

listiAveFitEvaNumByThisGen:
[20, 140, 260, 372, 473, 651, 893, 1219, 1646, 2173, 2799]
------------------------new instance-----------------------------
listiEveGenLocalSearchedIndNum_AllRunsEve:
[0.0, 10.0, 20.0, 29.466666666666665, 37.233333333333334, 46.46666666666667, 56.46666666666667, 66.46666666666667, 76.46666666666667, 86.46666666666667, 96.46666666666667]

listfEveGenBestIndFitness_AllRunsAve:
[0.23991681472979567, 0.2976518197264136, 0.31565887171879936, 0.31586899676621977, 0.31586899676621977, 0.31586899676621977, 0.31586899676621977, 0.31586899676621977, 0.31586899676621977, 0.31586899676621977, 0.31586899676621977]

listEveGenDiversityMetric1_AllRunsAve:
[0.9916666666666667, 0.7966666666666666, 0.41166666666666657, 0.2449074074074074, 0.4657861952861952, 0.3422786195286195, 0.2172506313131313, 0.12800775613275614, 0.07333714896214898, 0.038970124857221636, 0.0199209631467696]

listfEveGenProportion_belongToLocalSearchedIndNeighbor_exceptCurrLocalSearchedInd_AllRunsAve:
[0.0, 0.0, 0.4666666666666666, 0.8314814814814817, 0.8016776094276092, 0.918628787878788, 0.9767424242424244, 0.9960795454545455, 0.9994444444444445, 1.0, 1.0]

listiAveDiversityMetric2EveGen:
[2.499062788550323, 1.8778088642659279, 1.6713490304709138, 1.5310663439746122, 1.9632369444945577, 1.8604385271251078, 1.8039526521073108, 1.7663235422114063, 1.7435146914411626, 1.654054944523852, 1.565078497837077]

listiAveFitEvaNumByThisGen:
[20, 140, 260, 374, 481, 661, 887, 1201, 1614, 2127, 2741]
------------------------new instance-----------------------------
