listiEveGenLocalSearchedIndNum_AllRunsEve:
[0.0, 10.0, 20.0, 30.0, 40.0, 50.0, 60.0, 70.0, 80.0, 90.0, 100.0, 110.0, 120.0, 130.0, 140.0, 150.0, 160.0, 170.0, 180.0, 190.0, 200.0, 210.0, 220.0, 230.0, 240.0, 250.0, 260.0, 270.0, 280.0, 290.0, 300.0, 310.0, 320.0, 330.0, 340.0, 350.0, 360.0, 370.0, 380.0, 390.0, 400.0, 410.0, 420.0, 430.0, 440.0, 450.0, 460.0, 470.0, 480.0, 490.0, 500.0]

listfEveGenBestIndFitness_AllRunsAve:
[0.011633656618815245, 0.012057393220854052, 0.013206210902384604, 0.014353633659671503, 0.015323566754573501, 0.016266003614970652, 0.017394646959582104, 0.018072641880706595, 0.0188419719492492, 0.019527555594894944, 0.02029471190730868, 0.021029896987854676, 0.021828629836539912, 0.022565286126820593, 0.02329142383545374, 0.023967111503341427, 0.024673996710412583, 0.025385411806477, 0.026103580703012146, 0.026844308094870463, 0.027649368515575867, 0.028427478083980252, 0.029233687056493762, 0.030066093685054328, 0.030926901303744175, 0.0318215196954668, 0.032741678456325744, 0.0336894689409144, 0.0346651522603169, 0.03567027101080924, 0.03671570549586488, 0.03775085007925695, 0.03880272627120579, 0.039872440507035936, 0.04094538307343702, 0.042033675939130384, 0.043119847704315, 0.04422091251460477, 0.045302297826641594, 0.046365293961681674, 0.04737839170611987, 0.04833974763262667, 0.04928028928453896, 0.050116547087838095, 0.05091603211553101, 0.0515875740639839, 0.052226723723226884, 0.05290686838186974, 0.05354076216000033, 0.054003719773838846, 0.05455033761508776]

listEveGenDiversityMetric1_AllRunsAve:
[1.0, 1.0, 1.0, 1.0, 0.9969999999999999, 0.916, 0.951, 0.77, 0.8300000000000001, 0.7979999999999999, 0.7609999999999999, 0.766, 0.752, 0.735, 0.764, 0.765, 0.7809999999999999, 0.768, 0.777, 0.764, 0.804, 0.799, 0.8009999999999999, 0.818, 0.8300000000000001, 0.8400000000000001, 0.828, 0.827, 0.8200000000000001, 0.8270000000000002, 0.825, 0.8350000000000002, 0.826, 0.827, 0.8380000000000001, 0.821, 0.8329999999999999, 0.827, 0.8320000000000001, 0.8220000000000001, 0.82, 0.807, 0.812, 0.8109999999999999, 0.8, 0.7949999999999999, 0.777, 0.7729999999999999, 0.7310000000000001, 0.7409999999999999, 0.696]

listfEveGenProportion_belongToLocalSearchedIndNeighbor_exceptCurrLocalSearchedInd_AllRunsAve:
[0.0, 0.0, 0.0, 0.0, 0.0, 0.0, 0.0, 0.0, 0.0, 0.0, 0.0, 0.0, 0.0, 0.0, 0.0, 0.0, 0.0, 0.0, 0.0, 0.0, 0.0, 0.0, 0.0, 0.0, 0.0, 0.0, 0.0, 0.0, 0.0, 0.0, 0.0, 0.0, 0.0, 0.0, 0.0, 0.0, 0.0, 0.0, 0.001, 0.011, 0.019, 0.034999999999999996, 0.05700000000000001, 0.1, 0.169, 0.211, 0.261, 0.2919999999999999, 0.337, 0.32399999999999995, 0.41200000000000003]

listiAveDiversityMetric2EveGen:
[50.14468120804, 1030.1699354678092, 507.956926664626, 590.0793536455465, 363.806485623916, 313.9556461585553, 274.01097352923176, 79.35814985409652, 103.73082963779207, 163.45968889297006, 118.16923660442812, 104.4035449321498, 26.642894374043472, 16.874044811753908, 8.291545993265995, 1.5457443934292416, 7.558067560453014, 5.945009203142536, 1.7500070441791653, 1.7367030792776248, 6.3772460646872755, 3.8159911519232734, 3.36435852668095, 1.9088093378226714, 1.8559920661157026, 1.907001048872564, 1.9301707988980716, 1.9190706417712478, 1.895599926538108, 1.8946201734516888, 1.8601657790021424, 1.9311445444342414, 1.8718679318436895, 1.8263946780940725, 1.9268776818691968, 1.8754653933272114, 2.018624842363024, 1.9786642016120806, 2.0951219549025604, 2.1116285481073356, 2.2834119008264464, 2.3273755943271093, 2.3638023426181, 2.615391874298541, 2.7900985409652073, 2.9660738169574534, 3.0746713967962456, 3.056843322109989, 2.8758756739108255, 2.8072847178859304, 2.91374618916437]

listiAveFitEvaNumByThisGen:
[100, 2200, 4300, 6400, 8500, 10600, 12700, 14800, 16900, 19000, 21100, 23200, 25300, 27400, 29500, 31600, 33700, 35800, 37900, 40000, 42100, 44200, 46300, 48400, 50500, 52600, 54700, 56800, 58900, 61000, 63100, 65200, 67300, 69400, 71500, 73600, 75700, 77800, 79900, 82000, 84100, 86200, 88300, 90400, 92500, 94600, 96700, 98800, 100900, 103000, 105100]
------------------------new instance-----------------------------
listiEveGenLocalSearchedIndNum_AllRunsEve:
[0.0, 10.0, 20.0, 30.0, 40.0, 50.0, 60.0, 70.0, 80.0, 90.0, 100.0, 110.0, 120.0, 130.0, 140.0, 150.0, 160.0, 170.0, 180.0, 190.0, 200.0, 210.0, 220.0, 230.0, 240.0, 250.0, 260.0, 270.0, 280.0, 290.0, 300.0, 310.0, 320.0, 330.0, 340.0, 350.0, 360.0, 370.0, 380.0, 390.0, 400.0, 410.0, 420.0, 430.0, 440.0, 450.0, 460.0, 470.0, 480.0, 490.0, 500.0]

listfEveGenBestIndFitness_AllRunsAve:
[0.011489179218923166, 0.01204646733350139, 0.013154692955372787, 0.01431894685485659, 0.015175190745873885, 0.01611473083439251, 0.01672113049319485, 0.017745188340012374, 0.018411019811175006, 0.019165574316556917, 0.019815743185089208, 0.02048520252333875, 0.02115731555059219, 0.021780013076184886, 0.022465777743817958, 0.02309971609884642, 0.02387294436060159, 0.02460631528993403, 0.02531542874523306, 0.02603452292731746, 0.02676437805206744, 0.027521617034541944, 0.0282906905659198, 0.029072481188803845, 0.029869596215153192, 0.030692504994589954, 0.03153535092531728, 0.03241377100817544, 0.0333162891141973, 0.034235245231369456, 0.03517535232405035, 0.036137662584232906, 0.03712442518490396, 0.03813578155334083, 0.039160124261686434, 0.040195863284735636, 0.04121905164463777, 0.04224435913811341, 0.043255488156479956, 0.044267452043086394, 0.04525512453284607, 0.046197880396828, 0.04710574769918134, 0.04791021859343557, 0.048660036045196066, 0.04936417616709796, 0.050077153332791634, 0.05058529670411458, 0.0510497083665829, 0.051484940067303545, 0.05176872248581611]

listEveGenDiversityMetric1_AllRunsAve:
[1.0, 1.0, 1.0, 1.0, 0.976, 0.9280000000000002, 0.756, 0.8940000000000001, 0.751, 0.7389999999999999, 0.766, 0.7899999999999999, 0.787, 0.8089999999999999, 0.7960000000000002, 0.778, 0.8150000000000002, 0.7599999999999999, 0.7570000000000001, 0.804, 0.804, 0.8019999999999999, 0.817, 0.799, 0.7949999999999999, 0.7849999999999999, 0.8130000000000001, 0.8299999999999998, 0.8370000000000001, 0.843, 0.827, 0.8280000000000001, 0.836, 0.851, 0.853, 0.852, 0.828, 0.8140000000000001, 0.836, 0.837, 0.8360000000000001, 0.827, 0.8290000000000001, 0.8430000000000002, 0.8400000000000001, 0.82, 0.8039999999999999, 0.796, 0.7650000000000001, 0.734, 0.7355]

listfEveGenProportion_belongToLocalSearchedIndNeighbor_exceptCurrLocalSearchedInd_AllRunsAve:
[0.0, 0.0, 0.0, 0.0, 0.0, 0.0, 0.0, 0.0, 0.0, 0.0, 0.0, 0.0, 0.0, 0.0, 0.0, 0.0, 0.0, 0.0, 0.0, 0.0, 0.0, 0.0, 0.0, 0.0, 0.0, 0.0, 0.0, 0.0, 0.0, 0.0, 0.0, 0.0, 0.0, 0.0, 0.0, 0.0, 0.0, 0.0, 0.001, 0.017, 0.037000000000000005, 0.065, 0.089, 0.099, 0.11100000000000002, 0.146, 0.194, 0.19899999999999998, 0.268, 0.362, 0.36]

listiAveDiversityMetric2EveGen:
[50.14468120804, 741.6418486236096, 507.480589845934, 272.28099135190286, 352.594789372513, 246.65172384042438, 100.7821904499541, 164.31386836037137, 63.03346036526885, 53.105125754514845, 18.263737892051825, 38.086979377614526, 13.414060348943986, 16.543958167533926, 10.973385299459242, 6.802594592388532, 21.732443909805124, 14.818350474441383, 3.8499034465870827, 5.715772806856444, 5.968606844199572, 5.388490888684828, 5.324352453831241, 5.153930382614021, 5.195805978981737, 5.605965987144169, 5.304276167737984, 5.377054504642382, 5.242048150188756, 5.171505976941129, 5.217774088358332, 5.189308486889092, 4.612127431894705, 3.3677050096928887, 3.1190187940006124, 2.047758832772166, 2.068863977145189, 2.176636424854607, 2.412905185185185, 2.588250313233344, 2.387126068768493, 2.458709621467197, 2.732230625446383, 2.9127496663605754, 2.7604290909090907, 2.633607080910111, 2.8085653627180895, 3.1831144413835326, 3.12214584634221, 3.1875322681359046, 3.3881869911465685]

listiAveFitEvaNumByThisGen:
[100, 2200, 4300, 6400, 8500, 10600, 12700, 14800, 16900, 19000, 21100, 23200, 25300, 27400, 29500, 31600, 33700, 35800, 37900, 40000, 42100, 44200, 46300, 48400, 50500, 52600, 54700, 56800, 58900, 61000, 63100, 65200, 67300, 69400, 71500, 73600, 75700, 77800, 79900, 82000, 84100, 86200, 88300, 90400, 92500, 94600, 96700, 98800, 100900, 103000, 105100]
------------------------new instance-----------------------------
listiEveGenLocalSearchedIndNum_AllRunsEve:
[0.0, 10.0, 20.0, 30.0, 40.0, 50.0, 60.0, 70.0, 80.0, 90.0, 100.0, 110.0, 120.0, 130.0, 140.0, 150.0, 160.0, 170.0, 180.0, 190.0, 200.0, 210.0, 220.0, 230.0, 240.0, 250.0, 260.0, 270.0, 280.0, 290.0, 300.0, 310.0, 320.0, 330.0, 340.0, 350.0, 360.0, 370.0, 380.0, 390.0, 400.0, 410.0, 420.0, 430.0, 440.0, 450.0, 460.0, 470.0, 480.0, 490.0, 500.0]

listfEveGenBestIndFitness_AllRunsAve:
[0.011750774153711724, 0.012210994202739313, 0.01337950584156622, 0.014372918452359048, 0.01548209663480058, 0.016520680302380047, 0.017416251294797146, 0.01814399661660341, 0.018831485298095675, 0.01959023343206307, 0.020308150866718274, 0.02093162175186685, 0.021675214815915354, 0.022288836009350423, 0.02290948925787524, 0.023534618771714956, 0.024234513349749045, 0.024892912499851448, 0.02564301672390274, 0.026354641074907863, 0.027083530191917105, 0.02797148134363462, 0.028794486712534755, 0.029586373350790486, 0.030390617153032783, 0.031212383510098075, 0.032048256923338146, 0.032899912896356194, 0.033754633087359064, 0.034636220925107944, 0.03555209726640696, 0.036487831478326356, 0.0374377920854961, 0.03840777571011021, 0.03939207326220864, 0.04039408859587099, 0.041371359789753974, 0.04235194096496008, 0.04333250432314602, 0.0442785617609949, 0.04520402842335741, 0.04609544060293226, 0.04695624661264548, 0.047884670416591855, 0.048614874131314115, 0.04935308031023314, 0.05004509102601503, 0.05064250477225043, 0.051254487821046565, 0.051707214287496125, 0.05207735469810697]

listEveGenDiversityMetric1_AllRunsAve:
[1.0, 1.0, 1.0, 1.0, 0.9949999999999999, 0.968, 0.8870000000000001, 0.7490000000000001, 0.756, 0.748, 0.769, 0.779, 0.807, 0.755, 0.805, 0.7950000000000002, 0.788, 0.7880000000000001, 0.8309999999999998, 0.817, 0.8309999999999998, 0.8480000000000001, 0.8109999999999999, 0.758, 0.7670000000000001, 0.793, 0.806, 0.8029999999999999, 0.795, 0.805, 0.836, 0.8470000000000001, 0.8400000000000001, 0.8299999999999998, 0.837, 0.853, 0.8400000000000001, 0.8149999999999998, 0.8390000000000001, 0.841, 0.8230000000000001, 0.837, 0.844, 0.8350000000000002, 0.8230000000000001, 0.8160000000000001, 0.825, 0.806, 0.7739999999999999, 0.794, 0.759]

listfEveGenProportion_belongToLocalSearchedIndNeighbor_exceptCurrLocalSearchedInd_AllRunsAve:
[0.0, 0.0, 0.0, 0.0, 0.0, 0.0, 0.0, 0.0, 0.0, 0.0, 0.0, 0.0, 0.0, 0.0, 0.0, 0.0, 0.0, 0.0, 0.0, 0.0, 0.0, 0.0, 0.0, 0.0, 0.0, 0.0, 0.0, 0.0, 0.0, 0.0, 0.0, 0.0, 0.0, 0.0, 0.0, 0.0, 0.0, 0.0, 0.0, 0.009, 0.018000000000000002, 0.030000000000000006, 0.05, 0.09500000000000001, 0.13, 0.179, 0.202, 0.22400000000000003, 0.26300000000000007, 0.285, 0.341]

listiAveDiversityMetric2EveGen:
[50.14468120804, 1179.2136721191714, 99.5081617916539, 312.99230424650546, 397.4336272625242, 240.52713328843998, 181.85270260177535, 59.999480371390675, 84.86086780940721, 48.50671967758392, 59.93212557494134, 47.11969420263238, 41.789083603713905, 13.354476939087846, 9.385530537700232, 12.920751270278538, 16.03606709927558, 11.651453329252117, 16.44978210386696, 9.699877481889603, 8.983076845219873, 17.018143197632895, 8.189298989898992, 6.876275841240687, 6.910776957453322, 6.789674196510562, 6.6802528884807675, 5.519477718600141, 3.303304626058565, 1.8703246933986324, 2.019974255688195, 1.9425054912764004, 1.9503160738700132, 1.9725816549331703, 2.0649324926027957, 2.174887640036731, 2.1644805387205386, 2.048762942556882, 2.296667066625855, 2.3130754372002857, 2.360184291398837, 2.3904548923579227, 2.6283994776043262, 2.8885962044689317, 2.724209562289562, 3.002710058157331, 3.072885823895521, 3.3557063891439656, 3.0972174553616973, 3.375619700030609, 3.0850419508213442]

listiAveFitEvaNumByThisGen:
[100, 2200, 4300, 6400, 8500, 10600, 12700, 14800, 16900, 19000, 21100, 23200, 25300, 27400, 29500, 31600, 33700, 35800, 37900, 40000, 42100, 44200, 46300, 48400, 50500, 52600, 54700, 56800, 58900, 61000, 63100, 65200, 67300, 69400, 71500, 73600, 75700, 77800, 79900, 82000, 84100, 86200, 88300, 90400, 92500, 94600, 96700, 98800, 100900, 103000, 105100]
------------------------new instance-----------------------------
listiEveGenLocalSearchedIndNum_AllRunsEve:
[0.0, 10.0, 20.0, 30.0, 40.0, 50.0, 60.0, 70.0, 80.0, 90.0, 100.0, 110.0, 120.0, 130.0, 140.0, 150.0, 160.0, 170.0, 180.0, 190.0, 200.0, 210.0, 220.0, 230.0, 240.0, 250.0, 260.0, 270.0, 280.0, 290.0, 300.0, 310.0, 320.0, 330.0, 340.0, 350.0, 360.0, 370.0, 380.0, 390.0, 400.0, 410.0, 420.0, 430.0, 440.0, 450.0, 460.0, 470.0, 480.0, 490.0, 500.0]

listfEveGenBestIndFitness_AllRunsAve:
[0.011518237450153242, 0.011938818034042653, 0.013043860441809324, 0.014012860107495199, 0.014943550012910919, 0.015891693241274922, 0.01685328024841546, 0.017608959088461894, 0.018430402457833468, 0.019409824896833277, 0.02013297362976986, 0.02075701533470028, 0.021441974274705854, 0.022138076170109416, 0.022876928184441574, 0.023558596153101304, 0.024259406205366468, 0.024974471317355067, 0.02570486799590866, 0.026467495402680962, 0.027303761681078915, 0.028117186914749015, 0.02895543039450742, 0.02980595896633937, 0.030675050040409192, 0.03156691368108314, 0.03248814045831139, 0.03343644645847263, 0.03438900526099783, 0.03536185832568229, 0.03635525573155612, 0.03738029412689231, 0.03842321465906649, 0.03948372300897491, 0.040542030449163935, 0.041624184064198815, 0.04273136794954865, 0.043823026008986646, 0.04490710714664757, 0.04598672756365996, 0.047026880663409334, 0.04801093299370185, 0.04898846353147858, 0.049920157812502475, 0.05081872824899818, 0.051640783142609815, 0.052451092873943395, 0.053054758787102065, 0.05364882989397148, 0.05420222362872483, 0.054593664774991266]

listEveGenDiversityMetric1_AllRunsAve:
[1.0, 1.0, 1.0, 1.0, 1.0, 0.954, 0.9330000000000002, 0.8150000000000001, 0.8119999999999999, 0.8460000000000001, 0.7419999999999999, 0.7290000000000001, 0.731, 0.786, 0.7579999999999999, 0.762, 0.8150000000000001, 0.804, 0.7939999999999999, 0.79, 0.827, 0.8089999999999999, 0.7989999999999998, 0.818, 0.788, 0.8109999999999999, 0.836, 0.8389999999999999, 0.8320000000000001, 0.8110000000000002, 0.807, 0.8300000000000001, 0.844, 0.851, 0.8300000000000001, 0.8180000000000002, 0.844, 0.858, 0.852, 0.8500000000000002, 0.8620000000000001, 0.829, 0.8140000000000001, 0.8239999999999998, 0.8130000000000001, 0.8029999999999999, 0.8099999999999999, 0.8140000000000001, 0.7969999999999999, 0.797, 0.808]

listfEveGenProportion_belongToLocalSearchedIndNeighbor_exceptCurrLocalSearchedInd_AllRunsAve:
[0.0, 0.0, 0.0, 0.0, 0.0, 0.0, 0.0, 0.0, 0.0, 0.0, 0.0, 0.0, 0.0, 0.0, 0.0, 0.0, 0.0, 0.0, 0.0, 0.0, 0.0, 0.0, 0.0, 0.0, 0.0, 0.0, 0.0, 0.0, 0.0, 0.0, 0.0, 0.0, 0.0, 0.0, 0.0, 0.0, 0.0, 0.0, 0.001, 0.011, 0.016, 0.039, 0.06, 0.07100000000000001, 0.12799999999999997, 0.147, 0.198, 0.187, 0.265, 0.32, 0.34199999999999997]

listiAveDiversityMetric2EveGen:
[50.14468120804, 1019.5160741720232, 319.86609229670444, 364.2354436853382, 303.2138217243138, 199.31072901132538, 292.00612674216916, 362.4327765860627, 54.35588144883176, 48.261680004081214, 90.04663871033569, 70.55103044179165, 21.4790540557086, 40.417537337006436, 33.11032577492092, 1.6015022630343843, 1.7554063462911949, 1.7396559208244056, 1.699152037547189, 1.7162681359045, 12.46317138251199, 1.658902495663708, 1.7249324599530662, 1.734218842975207, 1.744315184164881, 1.8012334414855626, 1.8952766125905522, 1.8732947903275174, 1.9135955596367715, 1.904927350270381, 2.0020407550249977, 2.012044175084175, 2.0458862728293035, 2.0529765860626465, 2.212010953984288, 2.07866077339047, 2.1657480338740944, 2.3985480991735537, 2.548965228037955, 2.70785854912764, 2.5789958902152845, 2.5958404693398633, 2.6222558759310273, 2.5397478175696353, 2.544766293235384, 2.8911808019589835, 3.3857633710845834, 3.173428760330579, 3.158901410060198, 3.4612604632180384, 3.5962641893684313]

listiAveFitEvaNumByThisGen:
[100, 2200, 4300, 6400, 8500, 10600, 12700, 14800, 16900, 19000, 21100, 23200, 25300, 27400, 29500, 31600, 33700, 35800, 37900, 40000, 42100, 44200, 46300, 48400, 50500, 52600, 54700, 56800, 58900, 61000, 63100, 65200, 67300, 69400, 71500, 73600, 75700, 77800, 79900, 82000, 84100, 86200, 88300, 90400, 92500, 94600, 96700, 98800, 100900, 103000, 105100]
------------------------new instance-----------------------------
listiEveGenLocalSearchedIndNum_AllRunsEve:
[0.0, 10.0, 20.0, 30.0, 40.0, 50.0, 60.0, 70.0, 80.0, 90.0, 100.0, 110.0, 120.0, 130.0, 140.0, 150.0, 160.0, 170.0, 180.0, 190.0, 200.0, 210.0, 220.0, 230.0, 240.0, 250.0, 260.0, 270.0, 280.0, 290.0, 300.0, 310.0, 320.0, 330.0, 340.0, 350.0, 360.0, 370.0, 380.0, 390.0, 400.0, 410.0, 420.0, 430.0, 440.0, 450.0, 460.0, 470.0, 480.0, 490.0, 500.0]

listfEveGenBestIndFitness_AllRunsAve:
[0.011953093824197606, 0.012497444346469029, 0.013516277232844867, 0.014902614549315222, 0.015707027083259887, 0.016852421161896468, 0.01817427190023361, 0.0189357205079408, 0.019742451475963887, 0.020391460227911877, 0.021138037713573376, 0.021905610365619263, 0.022598099177972546, 0.02339880501878499, 0.02409360932861818, 0.024803637891621943, 0.02552650611234279, 0.02626765362372353, 0.027078672202003384, 0.02793515556426393, 0.02876764894415763, 0.02962687724081765, 0.030509172752945624, 0.031414177241555395, 0.03235311319171851, 0.03332317526248628, 0.03431937996745134, 0.03534512467084073, 0.03641561112704468, 0.03750529537334106, 0.0386059219049553, 0.039737468780413655, 0.04088996461695622, 0.042070273148655454, 0.04328505865419534, 0.04449706881097372, 0.04570109119311959, 0.04692921262239119, 0.04816659841435434, 0.04936051768733759, 0.050523939079657056, 0.05162058818235021, 0.05275539921593159, 0.05376509981590577, 0.0546314505875493, 0.05542499605546865, 0.056247869179827346, 0.056824818381374376, 0.05749507031000726, 0.0578516428996811, 0.05823022026839479]

listEveGenDiversityMetric1_AllRunsAve:
[1.0, 1.0, 1.0, 1.0, 0.974, 0.986, 0.905, 0.7379999999999999, 0.768, 0.752, 0.8160000000000001, 0.781, 0.733, 0.768, 0.744, 0.776, 0.7769999999999999, 0.778, 0.8030000000000002, 0.8, 0.797, 0.805, 0.8020000000000002, 0.8130000000000001, 0.812, 0.8220000000000001, 0.808, 0.806, 0.828, 0.8370000000000001, 0.8240000000000001, 0.8049999999999999, 0.8100000000000002, 0.8299999999999998, 0.8320000000000001, 0.829, 0.8119999999999999, 0.79, 0.8310000000000001, 0.8470000000000001, 0.841, 0.8380000000000001, 0.8300000000000001, 0.8400000000000001, 0.8280000000000001, 0.7979999999999999, 0.8069999999999998, 0.837, 0.798, 0.783, 0.703]

listfEveGenProportion_belongToLocalSearchedIndNeighbor_exceptCurrLocalSearchedInd_AllRunsAve:
[0.0, 0.0, 0.0, 0.0, 0.0, 0.0, 0.0, 0.0, 0.0, 0.0, 0.0, 0.0, 0.0, 0.0, 0.0, 0.0, 0.0, 0.0, 0.0, 0.0, 0.0, 0.0, 0.0, 0.0, 0.0, 0.0, 0.0, 0.0, 0.0, 0.0, 0.0, 0.0, 0.0, 0.0, 0.0, 0.0, 0.0, 0.0, 0.006, 0.016999999999999998, 0.03, 0.049, 0.073, 0.069, 0.098, 0.182, 0.21500000000000002, 0.213, 0.25999999999999995, 0.272, 0.445]

listiAveDiversityMetric2EveGen:
[50.14468120804, 1099.6430313763901, 568.0450487746149, 336.29154370370367, 300.9209601101928, 344.75590919293944, 85.85816247321702, 68.57504397510458, 24.08272747270686, 48.241284693398626, 71.31542979695949, 34.12432352208959, 34.03466968676666, 44.899775194367926, 1.4925817202326292, 1.7036887991021328, 1.67853423936333, 1.7104708662381392, 4.060732006938068, 13.964994282216102, 1.731769819406183, 1.780379961228446, 1.8613174329150088, 1.7941383613916948, 1.7848111335578, 1.786779030711152, 1.7781073114988266, 1.8013432262014082, 1.8688030364248545, 1.876614876033058, 1.810958653198653, 1.8414960759106216, 1.87155261707989, 1.9776478155290278, 1.9671818630751967, 2.024730749923477, 2.139272694622998, 2.038936043260892, 2.0921303866952345, 2.236384389348026, 2.2397877685950416, 2.411698092031425, 2.577440926436078, 3.02108906029997, 2.86842185899398, 2.9410710458116514, 3.442477057443118, 3.534853933272115, 3.123736459544944, 2.938631396796245, 3.0577693582287524]

listiAveFitEvaNumByThisGen:
[100, 2200, 4300, 6400, 8500, 10600, 12700, 14800, 16900, 19000, 21100, 23200, 25300, 27400, 29500, 31600, 33700, 35800, 37900, 40000, 42100, 44200, 46300, 48400, 50500, 52600, 54700, 56800, 58900, 61000, 63100, 65200, 67300, 69400, 71500, 73600, 75700, 77800, 79900, 82000, 84100, 86200, 88300, 90400, 92500, 94600, 96700, 98800, 100900, 103000, 105100]
------------------------new instance-----------------------------
listiEveGenLocalSearchedIndNum_AllRunsEve:
[0.0, 10.0, 20.0, 30.0, 40.0, 50.0, 60.0, 70.0, 80.0, 90.0, 100.0, 110.0, 120.0, 130.0, 140.0, 150.0, 160.0, 170.0, 180.0, 190.0, 200.0, 210.0, 220.0, 230.0, 240.0, 250.0, 260.0, 270.0, 280.0, 290.0, 300.0, 310.0, 320.0, 330.0, 340.0, 350.0, 360.0, 370.0, 380.0, 390.0, 400.0, 410.0, 420.0, 430.0, 440.0, 450.0, 460.0, 470.0, 480.0, 490.0, 500.0]

listfEveGenBestIndFitness_AllRunsAve:
[0.0117392456131157, 0.012234534006586004, 0.01332729596103226, 0.014357707346505552, 0.015357090150423233, 0.01634312266330526, 0.017164371562336696, 0.018007992613585103, 0.019097331526048648, 0.019788563415722493, 0.020387441758772044, 0.021126401847039195, 0.021782502726725918, 0.022436439724108068, 0.023057375423664588, 0.023693338088407716, 0.024347403449917766, 0.025021419951138914, 0.02580792539525146, 0.02654988776660246, 0.027307949187537935, 0.028068599776036117, 0.028919513739392298, 0.029800378281239142, 0.030652874510981438, 0.031529888566716964, 0.03242375621176702, 0.03333957731752195, 0.03426838213176488, 0.035211391552409564, 0.0361790068882194, 0.037140070838738395, 0.038095801742593256, 0.03905684624416907, 0.04002836681344493, 0.04100616687254903, 0.04198767213127709, 0.042953991247306283, 0.04388861868727328, 0.044786926938881394, 0.04564044271680627, 0.046445179793762795, 0.047222347518868876, 0.04794238144540761, 0.04861439247013147, 0.04929733659137723, 0.049851169518814534, 0.050397523244092655, 0.050844763521226334, 0.05120930788214647, 0.05157649949541672]

listEveGenDiversityMetric1_AllRunsAve:
[1.0, 1.0, 1.0, 0.9800000000000001, 0.983, 0.9730000000000001, 0.8530000000000001, 0.8, 0.9019999999999999, 0.689, 0.7249999999999999, 0.7829999999999999, 0.754, 0.779, 0.7870000000000001, 0.7859999999999999, 0.8019999999999999, 0.794, 0.808, 0.78, 0.8109999999999999, 0.8089999999999999, 0.797, 0.817, 0.825, 0.8229999999999998, 0.826, 0.8240000000000001, 0.828, 0.8260000000000002, 0.8300000000000001, 0.8319999999999999, 0.8240000000000001, 0.8109999999999999, 0.828, 0.833, 0.8380000000000001, 0.841, 0.834, 0.8230000000000001, 0.8299999999999998, 0.8389999999999999, 0.829, 0.8190000000000002, 0.8099999999999999, 0.825, 0.8300000000000001, 0.8089999999999999, 0.8150000000000001, 0.808, 0.785]

listfEveGenProportion_belongToLocalSearchedIndNeighbor_exceptCurrLocalSearchedInd_AllRunsAve:
[0.0, 0.0, 0.0, 0.0, 0.0, 0.0, 0.0, 0.0, 0.0, 0.0, 0.0, 0.0, 0.0, 0.0, 0.0, 0.0, 0.0, 0.0, 0.0, 0.0, 0.0, 0.0, 0.0, 0.0, 0.0, 0.0, 0.0, 0.0, 0.0, 0.0, 0.0, 0.0, 0.0, 0.0, 0.0, 0.0, 0.0, 0.0, 0.006, 0.012, 0.024, 0.028000000000000004, 0.041999999999999996, 0.056999999999999995, 0.09, 0.127, 0.139, 0.186, 0.225, 0.254, 0.30700000000000005]

listiAveDiversityMetric2EveGen:
[50.14468120804, 857.8657274482193, 451.14641957351296, 305.74181977757377, 198.26206522191615, 306.42148815427, 225.2648316212632, 125.83960296704417, 124.33328240791757, 23.976324791347825, 5.3837010958065505, 16.486992453831242, 8.153665952453833, 5.8462049382716055, 1.658314898479747, 1.6820114682175291, 4.022382401795736, 5.286514682175287, 14.775803093561882, 1.7452786287113562, 1.8852385185185185, 1.8896377267625748, 5.884418765432099, 6.922088917457404, 1.9098051545760633, 1.9031768839914291, 1.888064597490052, 1.881715726966636, 1.8412186674829099, 1.8474264095500454, 2.004935643301704, 2.092568709315376, 2.0271961146821758, 2.003509747984899, 2.0473413243546577, 2.0261005693296603, 2.148007786960514, 2.10237936537088, 2.129452700744822, 2.199305589225589, 2.435733268033874, 2.4842400734618915, 2.5473242077339053, 2.6316413549637794, 2.6275030711151928, 2.7978686909499033, 3.087233392510968, 3.0376903132333437, 3.2647542577288036, 3.6859517314559738, 3.844173945515764]

listiAveFitEvaNumByThisGen:
[100, 2200, 4300, 6400, 8500, 10600, 12700, 14800, 16900, 19000, 21100, 23200, 25300, 27400, 29500, 31600, 33700, 35800, 37900, 40000, 42100, 44200, 46300, 48400, 50500, 52600, 54700, 56800, 58900, 61000, 63100, 65200, 67300, 69400, 71500, 73600, 75700, 77800, 79900, 82000, 84100, 86200, 88300, 90400, 92500, 94600, 96700, 98800, 100900, 103000, 105100]
------------------------new instance-----------------------------
listiEveGenLocalSearchedIndNum_AllRunsEve:
[0.0, 10.0, 20.0, 30.0, 40.0, 50.0, 60.0, 70.0, 80.0, 90.0, 100.0, 110.0, 120.0, 130.0, 140.0, 150.0, 160.0, 170.0, 180.0, 190.0, 200.0, 210.0, 220.0, 230.0, 240.0, 250.0, 260.0, 270.0, 280.0, 290.0, 300.0, 310.0, 320.0, 330.0, 340.0, 350.0, 360.0, 370.0, 380.0, 390.0, 400.0, 410.0, 420.0, 430.0, 440.0, 450.0, 460.0, 470.0, 480.0, 490.0, 500.0]

listfEveGenBestIndFitness_AllRunsAve:
[0.011896220991384788, 0.012342419471502528, 0.013454284996730048, 0.014710158718441646, 0.015911577131718167, 0.016933168481927517, 0.01746831882502146, 0.01865749439851929, 0.019360946474726897, 0.019962282835099855, 0.020637366643324155, 0.021333964585560562, 0.0220301725214863, 0.022642542541687405, 0.023333273787782154, 0.02399344911849009, 0.024783913087121103, 0.025476746343707113, 0.026341474401918745, 0.027103896392564986, 0.02788146911646396, 0.028669746110354156, 0.02946791552317382, 0.030322228358100372, 0.031143901415105202, 0.031996806107045556, 0.03286160138291824, 0.03375055688290194, 0.03464571511153609, 0.035549556376271815, 0.036459697671125176, 0.03737862568482032, 0.038303907115118746, 0.039298652070306604, 0.0402597912410095, 0.04121684757249032, 0.04218377933651387, 0.0431563368223397, 0.044119668716565905, 0.04502883381647456, 0.045888374879905505, 0.04671681553950809, 0.047487588381214016, 0.048154439992897057, 0.04877257108395415, 0.04931745358647669, 0.04988076092873226, 0.050332985551552634, 0.050785443084319835, 0.051112030848142906, 0.05135998580378619]

listEveGenDiversityMetric1_AllRunsAve:
[1.0, 1.0, 1.0, 1.0, 0.975, 0.891, 0.739, 0.9179999999999999, 0.756, 0.732, 0.777, 0.7649999999999999, 0.7719999999999999, 0.768, 0.8059999999999998, 0.808, 0.8220000000000001, 0.772, 0.827, 0.808, 0.825, 0.8130000000000001, 0.796, 0.8079999999999998, 0.784, 0.782, 0.8140000000000001, 0.817, 0.8310000000000001, 0.8099999999999999, 0.829, 0.807, 0.8029999999999999, 0.808, 0.8219999999999998, 0.8160000000000001, 0.8390000000000001, 0.842, 0.8520000000000001, 0.8480000000000001, 0.85, 0.853, 0.852, 0.8290000000000001, 0.827, 0.8309999999999998, 0.8049999999999999, 0.8039999999999999, 0.747, 0.7320000000000001, 0.6709999999999999]

listfEveGenProportion_belongToLocalSearchedIndNeighbor_exceptCurrLocalSearchedInd_AllRunsAve:
[0.0, 0.0, 0.0, 0.0, 0.0, 0.0, 0.0, 0.0, 0.0, 0.0, 0.0, 0.0, 0.0, 0.0, 0.0, 0.0, 0.0, 0.0, 0.0, 0.0, 0.0, 0.0, 0.0, 0.0, 0.0, 0.0, 0.0, 0.0, 0.0, 0.0, 0.0, 0.0, 0.0, 0.0, 0.0, 0.0, 0.0, 0.0, 0.008, 0.013000000000000001, 0.016, 0.034, 0.05500000000000001, 0.10400000000000001, 0.151, 0.176, 0.194, 0.227, 0.28800000000000003, 0.30200000000000005, 0.41400000000000003]

listiAveDiversityMetric2EveGen:
[50.14468120804, 1548.6683708233854, 346.1825624528109, 290.6265680318335, 242.01077614937253, 105.30510094072031, 86.17222520151003, 58.35417276604428, 116.90361688399143, 52.570890631568204, 27.440312380369352, 16.577427062544636, 28.546192111009084, 18.44435784103663, 24.31217415773901, 6.210858092031426, 5.603191657994083, 1.6864599122538517, 1.6060217406387103, 1.713140585654525, 1.8316910192837466, 1.7610918722579327, 1.7093436996224873, 3.6967790388735837, 3.0331064013876134, 1.5145661707988984, 1.727326027956331, 1.6905810590756043, 1.843947825732068, 1.838367709417407, 1.8559953800632587, 1.8947031690643814, 1.853820842771146, 3.849880689725537, 4.418306376900317, 1.990235118865422, 2.051654386287113, 2.1255404468931745, 2.3969784307723705, 2.5601789082746658, 2.4574240995816754, 2.7243104907662485, 2.926551441689623, 3.161703087440057, 3.4898790817263547, 3.266310670339761, 3.3140974512804817, 3.2162821589633714, 3.0669684970921334, 2.4958304132231413, 2.705600061218243]

listiAveFitEvaNumByThisGen:
[100, 2200, 4300, 6400, 8500, 10600, 12700, 14800, 16900, 19000, 21100, 23200, 25300, 27400, 29500, 31600, 33700, 35800, 37900, 40000, 42100, 44200, 46300, 48400, 50500, 52600, 54700, 56800, 58900, 61000, 63100, 65200, 67300, 69400, 71500, 73600, 75700, 77800, 79900, 82000, 84100, 86200, 88300, 90400, 92500, 94600, 96700, 98800, 100900, 103000, 105100]
------------------------new instance-----------------------------
listiEveGenLocalSearchedIndNum_AllRunsEve:
[0.0, 10.0, 20.0, 30.0, 40.0, 50.0, 60.0, 70.0, 80.0, 90.0, 100.0, 110.0, 120.0, 130.0, 140.0, 150.0, 160.0, 170.0, 180.0, 190.0, 200.0, 210.0, 220.0, 230.0, 240.0, 250.0, 260.0, 270.0, 280.0, 290.0, 300.0, 310.0, 320.0, 330.0, 340.0, 350.0, 360.0, 370.0, 380.0, 390.0, 400.0, 410.0, 420.0, 430.0, 440.0, 450.0, 460.0, 470.0, 480.0, 490.0, 500.0]

listfEveGenBestIndFitness_AllRunsAve:
[0.011656343102362833, 0.01221597238955925, 0.013346392234996406, 0.01442305347531533, 0.015418620662717129, 0.016252244485363315, 0.017129966050109302, 0.017754565065750343, 0.01858197152298296, 0.019185611837781055, 0.01990788517774449, 0.020455830736856518, 0.021012674427213704, 0.021794165474616815, 0.022428250683799045, 0.023033259278028673, 0.023669686026066204, 0.02430396634292341, 0.02514377178153296, 0.025847186841639717, 0.026571232560176385, 0.027306381017992133, 0.02805439508342456, 0.02882978541323099, 0.029631273685276675, 0.03046635015624833, 0.031365546031009786, 0.0322766383015168, 0.033203639283299655, 0.03416366534698948, 0.035157732792888544, 0.03619140482679947, 0.037250046549645345, 0.03829836361301949, 0.03935806031166693, 0.04043114323057369, 0.04152901961966583, 0.042657376699571294, 0.04377260989309466, 0.044899591949507066, 0.04604189707087959, 0.047160447978538134, 0.048261500020209555, 0.04928458479883606, 0.050247147586731954, 0.051146098562174835, 0.05195978127241713, 0.052691223106567806, 0.053505142635154324, 0.05411219822609727, 0.054681739100182467]

listEveGenDiversityMetric1_AllRunsAve:
[1.0, 1.0, 1.0, 1.0, 0.961, 0.9520000000000002, 0.8400000000000001, 0.774, 0.843, 0.7130000000000001, 0.782, 0.78, 0.78, 0.8109999999999999, 0.7300000000000001, 0.724, 0.7469999999999999, 0.793, 0.8240000000000001, 0.7839999999999999, 0.786, 0.7950000000000002, 0.776, 0.7739999999999999, 0.7960000000000002, 0.806, 0.829, 0.808, 0.7999999999999999, 0.8, 0.82, 0.8340000000000002, 0.834, 0.8309999999999998, 0.8009999999999999, 0.8139999999999998, 0.812, 0.85, 0.8540000000000001, 0.8549999999999999, 0.851, 0.8629999999999999, 0.8560000000000001, 0.8520000000000001, 0.844, 0.833, 0.8240000000000001, 0.8109999999999999, 0.812, 0.808, 0.8019999999999999]

listfEveGenProportion_belongToLocalSearchedIndNeighbor_exceptCurrLocalSearchedInd_AllRunsAve:
[0.0, 0.0, 0.0, 0.0, 0.0, 0.0, 0.0, 0.0, 0.0, 0.0, 0.0, 0.0, 0.0, 0.0, 0.0, 0.0, 0.0, 0.0, 0.0, 0.0, 0.0, 0.0, 0.0, 0.0, 0.0, 0.0, 0.0, 0.0, 0.0, 0.0, 0.0, 0.0, 0.0, 0.0, 0.0, 0.0, 0.0, 0.0, 0.0, 0.0, 0.0, 0.008, 0.032999999999999995, 0.05600000000000001, 0.09, 0.122, 0.15299999999999997, 0.196, 0.254, 0.20800000000000002, 0.29300000000000004]

listiAveDiversityMetric2EveGen:
[50.14468120804, 847.0177508948067, 380.0687444015917, 252.33400954596473, 217.65840644015915, 259.7461877767575, 249.1313819202122, 99.46521938169573, 79.52144324048567, 33.86098287521681, 10.267919946944188, 17.05026692378329, 21.91080152637486, 27.3576555657586, 19.32628321191715, 9.07659535557596, 4.737305976941128, 4.22890347107438, 9.37074620957045, 4.765050933578206, 1.6287062136516681, 1.7267470503009896, 1.6795241465156618, 1.6926542679318437, 1.7870850729517396, 1.7764876726864607, 5.151611962044688, 1.7197312600755024, 1.818842746658504, 1.8452020324456686, 1.8383424548515457, 1.8403357698194065, 1.8139177471686563, 1.8068226344250586, 1.9113131149882665, 1.9804600346903378, 2.1313083644526065, 2.286800889705132, 2.4403796020814204, 2.4872606142230382, 2.4166517049280687, 2.4751708682787474, 2.555366150392817, 2.645880926436078, 2.7647401938577696, 2.8497559963269055, 2.9691007203346595, 2.813595559636772, 3.1482467013570044, 3.4373415610651974, 3.0291974451586574]

listiAveFitEvaNumByThisGen:
[100, 2200, 4300, 6400, 8500, 10600, 12700, 14800, 16900, 19000, 21100, 23200, 25300, 27400, 29500, 31600, 33700, 35800, 37900, 40000, 42100, 44200, 46300, 48400, 50500, 52600, 54700, 56800, 58900, 61000, 63100, 65200, 67300, 69400, 71500, 73600, 75700, 77800, 79900, 82000, 84100, 86200, 88300, 90400, 92500, 94600, 96700, 98800, 100900, 103000, 105100]
------------------------new instance-----------------------------
