listiEveGenLocalSearchedIndNum_AllRunsEve:
[0.0, 10.0, 20.0, 30.0, 40.0, 50.0, 60.0, 70.0, 80.0, 90.0, 100.0]

listfEveGenBestIndFitness_AllRunsAve:
[0.08018647797508886, 0.09494800100099801, 0.11519123176253605, 0.13734962031780393, 0.1571462476893788, 0.17232099486263255, 0.17878838298843686, 0.18318989282629533, 0.1856795805554473, 0.186916012336261, 0.18729594332886482]

listEveGenDiversityMetric1_AllRunsAve:
[1.0, 0.9916666666666666, 0.7849999999999999, 0.7099999999999999, 0.6383333333333332, 0.6283333333333334, 0.5961111111111109, 0.5175000000000001, 0.4836111111111111, 0.5630555555555555, 0.5586111111111111]

listfEveGenProportion_belongToLocalSearchedIndNeighbor_exceptCurrLocalSearchedInd_AllRunsAve:
[0.0, 0.0, 0.0, 0.0016666666666666668, 0.02, 0.14333333333333334, 0.3747222222222222, 0.5591666666666667, 0.6758333333333333, 0.6697222222222223, 0.7047222222222225]

listiAveDiversityMetric2EveGen:
[7.0414072022160665, 26.461239150507847, 10.032827331486608, 5.374114496768238, 3.8689076638965836, 2.9016103416435826, 2.339755623017588, 2.0537621078576453, 2.0771726004742965, 2.1801885392362363, 2.228914112086273]

listiAveFitEvaNumByThisGen:
[20, 340, 660, 980, 1300, 1620, 1940, 2263, 2586, 2916, 3276]
------------------------new instance-----------------------------
listiEveGenLocalSearchedIndNum_AllRunsEve:
[0.0, 10.0, 20.0, 30.0, 40.0, 50.0, 60.0, 70.0, 80.0, 90.0, 100.0]

listfEveGenBestIndFitness_AllRunsAve:
[0.08891037133341184, 0.10849389601038519, 0.13066556655733103, 0.1523217801793581, 0.16509920610640869, 0.1734765694513837, 0.178671974035129, 0.1812363107718466, 0.18232646440018854, 0.18279433391086758, 0.18283415748348128]

listEveGenDiversityMetric1_AllRunsAve:
[1.0, 0.9849999999999999, 0.7633333333333333, 0.7483333333333332, 0.6666666666666666, 0.6199999999999999, 0.5730555555555554, 0.5336111111111109, 0.47722222222222216, 0.5464646464646464, 0.6294949494949496]

listfEveGenProportion_belongToLocalSearchedIndNeighbor_exceptCurrLocalSearchedInd_AllRunsAve:
[0.0, 0.0, 0.0, 0.008333333333333333, 0.05833333333333334, 0.18833333333333327, 0.40916666666666673, 0.5566666666666665, 0.7380555555555557, 0.7120959595959595, 0.6592929292929294]

listiAveDiversityMetric2EveGen:
[7.0414072022160665, 21.056562326869813, 8.87259926131117, 4.891616805170822, 3.374318559556786, 2.7501394275161584, 2.39198174740901, 2.0214913514986854, 2.0439337334955714, 2.401068257587518, 2.691004294177469]

listiAveFitEvaNumByThisGen:
[20, 340, 660, 980, 1300, 1620, 1940, 2263, 2590, 2926, 3296]
------------------------new instance-----------------------------
listiEveGenLocalSearchedIndNum_AllRunsEve:
[0.0, 10.0, 20.0, 30.0, 40.0, 50.0, 60.0, 70.0, 80.0, 90.0, 100.0]

listfEveGenBestIndFitness_AllRunsAve:
[0.09238437327871016, 0.11035697463146907, 0.1352749737000545, 0.16046223809899066, 0.17664073997172208, 0.18892133616549642, 0.1988902851312577, 0.20277875798316855, 0.20554031877459888, 0.2060224882769726, 0.2069178175118293]

listEveGenDiversityMetric1_AllRunsAve:
[1.0, 0.9883333333333332, 0.7783333333333332, 0.7216666666666666, 0.6416666666666667, 0.5866666666666667, 0.5933333333333333, 0.5241666666666667, 0.47027777777777785, 0.5625, 0.6207323232323232]

listfEveGenProportion_belongToLocalSearchedIndNeighbor_exceptCurrLocalSearchedInd_AllRunsAve:
[0.0, 0.0, 0.0, 0.013333333333333334, 0.05666666666666667, 0.2016666666666667, 0.3583333333333334, 0.5738888888888888, 0.7047222222222224, 0.6875, 0.6863383838383836]

listiAveDiversityMetric2EveGen:
[7.0414072022160665, 21.495724838411817, 8.740981532779314, 4.840156971375808, 3.3492622345337026, 2.7075420129270547, 2.4217405355493997, 2.0160609138319754, 1.7945460933563218, 2.0038794980686676, 2.1969333636067603]

listiAveFitEvaNumByThisGen:
[20, 340, 660, 980, 1300, 1620, 1940, 2260, 2583, 2916, 3280]
------------------------new instance-----------------------------
listiEveGenLocalSearchedIndNum_AllRunsEve:
[0.0, 10.0, 20.0, 30.0, 40.0, 50.0, 60.0, 70.0, 80.0, 90.0, 100.0]

listfEveGenBestIndFitness_AllRunsAve:
[0.08038700293406544, 0.09607291219418326, 0.11773402437999246, 0.14445003645799032, 0.16449377657379158, 0.17595610114857732, 0.183885876147039, 0.18824531161688726, 0.1897618262881224, 0.19071752301355457, 0.19099140276139484]

listEveGenDiversityMetric1_AllRunsAve:
[1.0, 0.9883333333333332, 0.7733333333333334, 0.7383333333333334, 0.6633333333333332, 0.6116666666666667, 0.5883333333333334, 0.5497222222222222, 0.547222222222222, 0.6283333333333335, 0.5694444444444446]

listfEveGenProportion_belongToLocalSearchedIndNeighbor_exceptCurrLocalSearchedInd_AllRunsAve:
[0.0, 0.0, 0.0, 0.005000000000000001, 0.043333333333333335, 0.15166666666666664, 0.295, 0.5558333333333334, 0.7113888888888888, 0.6616666666666667, 0.7436111111111111]

listiAveDiversityMetric2EveGen:
[7.0414072022160665, 24.799687903970455, 8.219102493074795, 4.8874127423822715, 3.0374062788550322, 2.459490304709141, 2.3858319482917816, 2.39904984292705, 2.3304011636700737, 2.5057444888624802, 2.5624270523229296]

listiAveFitEvaNumByThisGen:
[20, 340, 660, 980, 1300, 1620, 1940, 2260, 2583, 2923, 3300]
------------------------new instance-----------------------------
listiEveGenLocalSearchedIndNum_AllRunsEve:
[0.0, 10.0, 20.0, 30.0, 40.0, 50.0, 60.0, 70.0, 80.0, 90.0, 100.0]

listfEveGenBestIndFitness_AllRunsAve:
[0.08404460434025952, 0.10025641920588838, 0.12317415130314126, 0.14611351432098874, 0.1675779427581629, 0.17931100201888936, 0.18400529284157086, 0.18703599632332424, 0.18844192977400825, 0.18881012978545453, 0.18894126572121558]

listEveGenDiversityMetric1_AllRunsAve:
[1.0, 0.9916666666666666, 0.7999999999999999, 0.7000000000000001, 0.67, 0.6083333333333333, 0.5216666666666666, 0.4633333333333335, 0.5391666666666666, 0.5894444444444444, 0.5738888888888887]

listfEveGenProportion_belongToLocalSearchedIndNeighbor_exceptCurrLocalSearchedInd_AllRunsAve:
[0.0, 0.0, 0.0, 0.0, 0.013333333333333332, 0.13833333333333334, 0.42666666666666664, 0.6000000000000002, 0.6452777777777777, 0.6744444444444446, 0.7099999999999999]

listiAveDiversityMetric2EveGen:
[7.0414072022160665, 21.187775623268696, 9.60481809787627, 3.9440729455216985, 2.7831532779316723, 2.1901108033241, 2.0310517082179134, 1.8724949215143123, 2.399919899040673, 2.4838328544696178, 2.482897816883892]

listiAveFitEvaNumByThisGen:
[20, 340, 660, 980, 1300, 1620, 1940, 2260, 2580, 2926, 3303]
------------------------new instance-----------------------------
listiEveGenLocalSearchedIndNum_AllRunsEve:
[0.0, 10.0, 20.0, 30.0, 40.0, 50.0, 60.0, 70.0, 80.0, 90.0, 100.0]

listfEveGenBestIndFitness_AllRunsAve:
[0.08775930632878882, 0.10806065969558551, 0.13370143548666094, 0.1627003849326768, 0.18637065627964824, 0.20544067040064284, 0.21601798268433195, 0.2197426446278226, 0.2205240450597197, 0.22069649821306472, 0.22069649821306472]

listEveGenDiversityMetric1_AllRunsAve:
[1.0, 0.9933333333333333, 0.8049999999999998, 0.7399999999999999, 0.6899999999999997, 0.6316666666666665, 0.5233333333333333, 0.42611111111111105, 0.44, 0.5294444444444444, 0.6439646464646462]

listfEveGenProportion_belongToLocalSearchedIndNeighbor_exceptCurrLocalSearchedInd_AllRunsAve:
[0.0, 0.0, 0.0, 0.006666666666666667, 0.023333333333333334, 0.13333333333333333, 0.3016666666666667, 0.5630555555555555, 0.6869444444444445, 0.7355555555555554, 0.6490909090909092]

listiAveDiversityMetric2EveGen:
[7.0414072022160665, 20.943685133887353, 9.989832871652819, 5.980451523545708, 3.3539270544783, 2.3893702677747, 1.6473721144967686, 1.3490190508064615, 1.6264383642979756, 2.006578192867139, 2.379931511789563]

listiAveFitEvaNumByThisGen:
[20, 340, 660, 980, 1300, 1620, 1940, 2260, 2583, 2926, 3303]
------------------------new instance-----------------------------
listiEveGenLocalSearchedIndNum_AllRunsEve:
[0.0, 10.0, 20.0, 30.0, 40.0, 50.0, 60.0, 70.0, 80.0, 90.0, 100.0]

listfEveGenBestIndFitness_AllRunsAve:
[0.08702386384656098, 0.10517920055177211, 0.12624095709450636, 0.15234701190189118, 0.17076980593766133, 0.1839237088811862, 0.19237825444278442, 0.19567730947366488, 0.19719633950578444, 0.19782799183278854, 0.19800592549480198]

listEveGenDiversityMetric1_AllRunsAve:
[1.0, 0.9866666666666666, 0.7766666666666666, 0.7466666666666665, 0.6616666666666667, 0.6400000000000001, 0.575, 0.49222222222222206, 0.48916666666666664, 0.5710858585858586, 0.5699494949494951]

listfEveGenProportion_belongToLocalSearchedIndNeighbor_exceptCurrLocalSearchedInd_AllRunsAve:
[0.0, 0.0, 0.0, 0.0033333333333333335, 0.03833333333333334, 0.1583333333333333, 0.3866666666666667, 0.563611111111111, 0.6852777777777777, 0.6562626262626263, 0.723510101010101]

listiAveDiversityMetric2EveGen:
[7.0414072022160665, 18.222139427516154, 10.982938134810711, 5.6926232686980605, 3.5539621421975984, 2.8800138504155117, 2.0636408125577095, 1.9752915514783755, 1.9372956663754703, 2.403514930442049, 2.4802741744411536]

listiAveFitEvaNumByThisGen:
[20, 340, 660, 980, 1300, 1620, 1940, 2260, 2586, 2933, 3316]
------------------------new instance-----------------------------
listiEveGenLocalSearchedIndNum_AllRunsEve:
[0.0, 10.0, 20.0, 30.0, 40.0, 50.0, 60.0, 70.0, 80.0, 90.0, 100.0]

listfEveGenBestIndFitness_AllRunsAve:
[0.0900271535685243, 0.10842845497735727, 0.1352495540760968, 0.16828423854442984, 0.1958385944716489, 0.22058881224142776, 0.23539443491256307, 0.2487877546580148, 0.253961003244325, 0.2554611849695201, 0.25617679652058484]

listEveGenDiversityMetric1_AllRunsAve:
[1.0, 0.9916666666666666, 0.8166666666666665, 0.7533333333333334, 0.6599999999999999, 0.6233333333333333, 0.5666666666666668, 0.5133333333333333, 0.5180555555555556, 0.5244444444444444, 0.6430555555555557]

listfEveGenProportion_belongToLocalSearchedIndNeighbor_exceptCurrLocalSearchedInd_AllRunsAve:
[0.0, 0.0, 0.0, 0.0016666666666666668, 0.025, 0.10999999999999997, 0.35333333333333333, 0.5549999999999999, 0.683888888888889, 0.7305555555555554, 0.638611111111111]

listiAveDiversityMetric2EveGen:
[7.0414072022160665, 20.20240904893813, 9.806519852262234, 6.168599261311173, 3.8711108033240995, 2.5346481994459835, 2.1610637119113574, 1.958433979686057, 2.03187848863225, 2.0983768987851503, 2.5619565002580247]

listiAveFitEvaNumByThisGen:
[20, 340, 660, 980, 1300, 1620, 1940, 2260, 2580, 2916, 3276]
------------------------new instance-----------------------------
