listiEveGenLocalSearchedIndNum_AllRunsEve:
[0.0, 10.0, 20.0, 30.0, 40.0, 50.0, 60.0, 70.0, 80.0, 90.0, 100.0, 110.0, 120.0, 130.0, 140.0, 150.0, 160.0, 170.0, 180.0, 190.0, 200.0, 210.0, 220.0, 230.0, 240.0, 250.0, 260.0, 270.0, 280.0, 290.0, 300.0, 310.0, 320.0, 330.0, 340.0, 350.0, 360.0, 370.0, 380.0, 390.0, 400.0, 410.0, 420.0, 430.0, 440.0, 450.0, 460.0, 470.0, 480.0, 490.0, 500.0, 510.0, 520.0, 530.0, 540.0, 550.0, 560.0, 570.0, 580.0, 590.0, 600.0, 610.0, 620.0, 630.0, 640.0, 650.0, 660.0, 670.0, 680.0, 690.0, 700.0, 710.0, 720.0, 730.0, 740.0, 750.0, 760.0, 770.0, 780.0, 790.0, 800.0, 810.0, 820.0, 830.0, 840.0, 850.0, 860.0, 870.0, 880.0, 890.0, 900.0, 910.0, 920.0, 930.0, 940.0, 950.0, 960.0, 970.0, 980.0, 990.0, 1000.0]

listfEveGenBestIndFitness_AllRunsAve:
[0.007667834193714579, 0.007862294460759459, 0.008461315992527115, 0.008981104443169144, 0.009422869745179889, 0.009882713176788986, 0.01018654689656363, 0.010527630012226698, 0.010811428485627229, 0.011104063416985051, 0.01137405382862771, 0.01160485152420496, 0.011966077662735969, 0.012272002592581276, 0.012576384281943392, 0.01279027215784571, 0.01302610355115763, 0.013248468674240352, 0.013506295871409191, 0.013761681157570805, 0.014003753645351155, 0.01425093695774988, 0.014505209472391326, 0.014764774710206933, 0.015028061782715114, 0.015298885924826486, 0.015576176837002974, 0.01585955767635242, 0.016151809649312055, 0.016450217931979327, 0.016756989305492583, 0.017070016427192344, 0.01738861044422834, 0.017716224337131572, 0.018053085608492173, 0.018396318118599896, 0.01874595926093045, 0.01910509799625497, 0.019475063878685344, 0.01985391175440377, 0.020238771493493103, 0.020630121339252173, 0.021030534021591753, 0.02144157111035005, 0.021860061851534836, 0.022284298153562653, 0.022720459107775547, 0.023166534681033475, 0.023620548860752814, 0.024084392567329166, 0.024557024232869217, 0.025038973719944395, 0.02553357320465103, 0.026035959902377226, 0.02655484400140662, 0.027083832831324456, 0.027622992451403018, 0.02816998121386787, 0.02871260032926597, 0.02925929380419919, 0.02981476907710563, 0.03037984723915807, 0.030953591622014387, 0.0315184999711382, 0.03208744454277808, 0.03265747113460786, 0.03322542856576306, 0.033791111110297346, 0.034357218842383866, 0.034926488629281036, 0.03548247614517829, 0.03602833546449584, 0.03658630848590198, 0.03707354010082113, 0.037539263712644225, 0.03798071634398683, 0.03836729294440542, 0.03872627711628816, 0.039055432244007635, 0.0393933591035041, 0.0397072778765466, 0.03992632389643578, 0.040140397065852026, 0.04032824812675251, 0.04050191112781135, 0.040699166130612356, 0.04082366632248195, 0.040945770699615955, 0.04109296055552359, 0.04115204219983164, 0.041276998029295894, 0.04131385077963673, 0.04146372506572999, 0.04149712989717626, 0.04156139146568857, 0.04157422450999894, 0.041591805216734, 0.04161812059278834, 0.04168060260568593, 0.041737167593801694, 0.041739826835898074]

listEveGenDiversityMetric1_AllRunsAve:
[1.0, 1.0, 1.0, 1.0, 0.9620000000000001, 0.984, 0.8960000000000001, 0.882, 0.8809999999999999, 0.8070000000000002, 0.7999999999999999, 0.7389999999999999, 0.7620000000000001, 0.784, 0.82, 0.733, 0.7899999999999999, 0.729, 0.775, 0.7659999999999999, 0.7539999999999999, 0.7869999999999999, 0.8229999999999998, 0.8250000000000002, 0.8139999999999998, 0.812, 0.8130000000000001, 0.825, 0.806, 0.825, 0.835, 0.821, 0.7980000000000002, 0.794, 0.818, 0.8280000000000001, 0.8110000000000002, 0.8030000000000002, 0.8320000000000001, 0.8370000000000001, 0.844, 0.836, 0.833, 0.8360000000000001, 0.8310000000000001, 0.8229999999999998, 0.788, 0.8230000000000001, 0.827, 0.818, 0.8310000000000001, 0.8210000000000001, 0.8240000000000001, 0.818, 0.836, 0.85, 0.867, 0.861, 0.849, 0.7939999999999999, 0.8140000000000001, 0.834, 0.857, 0.851, 0.8490000000000002, 0.868, 0.858, 0.8569999999999999, 0.8549999999999999, 0.8560000000000001, 0.849, 0.8699999999999999, 0.876, 0.876, 0.836, 0.8219999999999998, 0.8160000000000001, 0.8009999999999999, 0.787, 0.7969999999999999, 0.786, 0.8206666666666667, 0.768, 0.7963333333333333, 0.7876666666666667, 0.7733333333333333, 0.7630000000000001, 0.7423333333333333, 0.7366666666666666, 0.7385, 0.6837500000000001, 0.7048333333333334, 0.6612666666666668, 0.6919999999999998, 0.6475333333333333, 0.6641250000000001, 0.6204444444444446, 0.6480214285714286, 0.6406689393939395, 0.6412960317460319, 0.6679226190476191]

listfEveGenProportion_belongToLocalSearchedIndNeighbor_exceptCurrLocalSearchedInd_AllRunsAve:
[0.0, 0.0, 0.0, 0.0, 0.0, 0.0, 0.0, 0.0, 0.0, 0.0, 0.0, 0.0, 0.0, 0.0, 0.0, 0.0, 0.0, 0.0, 0.0, 0.0, 0.0, 0.0, 0.0, 0.0, 0.0, 0.0, 0.0, 0.0, 0.0, 0.0, 0.0, 0.0, 0.0, 0.0, 0.0, 0.0, 0.0, 0.0, 0.0, 0.0, 0.0, 0.0, 0.0, 0.0, 0.0, 0.0, 0.0, 0.0, 0.0, 0.0, 0.0, 0.0, 0.0, 0.0, 0.0, 0.0, 0.0, 0.0, 0.0, 0.0, 0.0, 0.0, 0.0, 0.0, 0.0, 0.0, 0.0, 0.0, 0.004, 0.01, 0.009, 0.009, 0.026000000000000002, 0.011000000000000001, 0.05600000000000001, 0.094, 0.11600000000000002, 0.15200000000000002, 0.22799999999999998, 0.2615, 0.27749999999999997, 0.23900000000000002, 0.33266666666666667, 0.347, 0.3853333333333333, 0.4, 0.4493333333333333, 0.47266666666666673, 0.544, 0.46950000000000003, 0.6505, 0.5759999999999998, 0.6298333333333332, 0.6064166666666668, 0.6996857142857142, 0.6824583333333334, 0.8212777777777778, 0.7697761904761905, 0.8063878787878789, 0.8323507936507937, 0.7698426434676435]

listiAveDiversityMetric2EveGen:
[74.90804269768391, 29.49272363636364, 210.8143347250281, 233.99952910111216, 302.71140189776554, 85.86464018773593, 373.6594335027038, 225.11992809305178, 268.68926283032346, 131.28864159983672, 149.10404293031326, 120.47342093255789, 3.409268564432201, 44.58346778491991, 102.9869953637384, 28.441398489950007, 44.250659908172636, 15.30663073563922, 38.252285868788896, 30.992195196408527, 1.6050045832057953, 1.7272093541475357, 1.826698483828181, 1.8043908662381387, 1.7974665115804513, 1.800822985409652, 1.8445591429445973, 1.814611994694419, 1.7715606325885112, 1.84748480359147, 1.867905625956535, 1.8672678461381493, 1.7299227752270177, 1.7635471482501786, 1.8575780920314255, 1.8979298602183448, 1.877507519640853, 1.8479399897969597, 1.9425909356188142, 1.8982815467809406, 1.8956059830629528, 1.9548379308233854, 1.9115094867870623, 1.9117047484950516, 1.8637773125191306, 1.8810759881644734, 1.8271357616569741, 1.9075247668605246, 2.0163354759718395, 2.014570203040506, 1.939044228139986, 2.031383050709111, 2.004721836547291, 2.0528141863075198, 2.0448710458116524, 2.0452590878481787, 2.0461021038669527, 2.021033331292725, 1.9923343985307622, 2.012631951841649, 2.2360139904091416, 2.391626862565044, 2.46617907560453, 2.491362399755127, 2.4203765003571065, 2.523035935108663, 2.5688720416284054, 2.7648115743291504, 2.496223634323028, 2.7429139557188043, 2.888281656973778, 2.6482324538312416, 2.7925403040506076, 2.745629494949495, 2.712390658096113, 2.876900491786553, 2.8544549209264365, 2.7905767370676466, 3.1946209488827675, 3.5220423410411774, 3.8611464315552846, 4.076773021598507, 4.381521739003846, 4.5471037379923835, 4.5081986687474105, 4.204793138483163, 4.493869923894262, 3.561977580892067, 3.945712357718944, 3.403967972919112, 3.5851437484879236, 3.8929639807691174, 3.87505853199239, 4.081054312837181, 3.922147393227663, 4.177246969910038, 4.514334639988482, 4.925377599374068, 4.980171405488809, 5.017949923126092, 5.074148872727113]

listiAveFitEvaNumByThisGen:
[100, 3200, 6300, 9400, 12500, 15600, 18700, 21800, 24900, 28000, 31100, 34200, 37300, 40400, 43500, 46600, 49700, 52800, 55900, 59000, 62100, 65200, 68300, 71400, 74500, 77600, 80700, 83800, 86900, 90000, 93100, 96200, 99300, 102400, 105500, 108600, 111700, 114800, 117900, 121000, 124100, 127200, 130300, 133400, 136500, 139600, 142700, 145800, 148900, 152000, 155100, 158200, 161300, 164400, 167500, 170600, 173700, 176800, 179900, 183000, 186100, 189200, 192300, 195400, 198500, 201600, 204700, 207800, 210900, 214000, 217100, 220200, 223300, 226400, 229500, 232600, 235700, 238800, 241900, 245000, 248110, 251220, 254340, 257460, 260580, 263700, 266820, 269940, 273060, 276180, 279310, 282450, 285610, 288790, 292000, 295240, 298530, 301840, 305220, 308660, 312170]
------------------------new instance-----------------------------
listiEveGenLocalSearchedIndNum_AllRunsEve:
[0.0, 10.0, 20.0, 30.0, 40.0, 50.0, 60.0, 70.0, 80.0, 90.0, 100.0, 110.0, 120.0, 130.0, 140.0, 150.0, 160.0, 170.0, 180.0, 190.0, 200.0, 210.0, 220.0, 230.0, 240.0, 250.0, 260.0, 270.0, 280.0, 290.0, 300.0, 310.0, 320.0, 330.0, 340.0, 350.0, 360.0, 370.0, 380.0, 390.0, 400.0, 410.0, 420.0, 430.0, 440.0, 450.0, 460.0, 470.0, 480.0, 490.0, 500.0, 510.0, 520.0, 530.0, 540.0, 550.0, 560.0, 570.0, 580.0, 590.0, 600.0, 610.0, 620.0, 630.0, 640.0, 650.0, 660.0, 670.0, 680.0, 690.0, 700.0, 710.0, 720.0, 730.0, 740.0, 750.0, 760.0, 770.0, 780.0, 790.0, 800.0, 810.0, 820.0, 830.0, 840.0, 850.0, 860.0, 870.0, 880.0, 890.0, 900.0, 910.0, 920.0, 930.0, 940.0, 950.0, 960.0, 970.0, 980.0, 990.0, 1000.0]

listfEveGenBestIndFitness_AllRunsAve:
[0.00745965785127458, 0.007620619008277185, 0.00811540218812758, 0.008727547435456446, 0.009174615780004508, 0.009548283109877848, 0.009790698178460417, 0.010098973623283564, 0.0103364940047154, 0.010703053817969951, 0.011044268314873523, 0.011245496156374369, 0.011573395928894887, 0.011846377726917387, 0.012050637214219496, 0.012277434228601492, 0.012494022074678781, 0.01270546360150695, 0.012920614243605489, 0.013204133243651767, 0.013450730524405433, 0.013684181284317259, 0.013923091949046307, 0.014164009549267328, 0.014410446274320633, 0.01466183540072179, 0.014920310748660941, 0.015181917205294795, 0.015468405696761625, 0.01574544528717592, 0.016028001626136396, 0.01631461843609475, 0.016607444149656286, 0.016905966404901097, 0.017211619139674485, 0.017524013138884537, 0.017842678333632577, 0.018167163909571203, 0.018501232297627273, 0.01884309185185389, 0.019191899418841533, 0.019547940093017004, 0.019912377219128394, 0.020284536564644424, 0.020665379932910854, 0.021057889619076686, 0.021459025492717866, 0.021870328531891657, 0.022292854462561358, 0.022725725981011302, 0.02316436987714097, 0.02361258993225161, 0.024073426802073368, 0.024549429375685057, 0.025036646128615402, 0.02553516874398797, 0.026043797955747617, 0.02656441616415294, 0.02709989081440269, 0.027647580494900098, 0.02820765817379915, 0.028776089146365157, 0.02935160829150618, 0.02994420982184496, 0.03054679129492855, 0.031156080139864394, 0.03176812447398241, 0.03238357034238003, 0.03299969965704511, 0.0336131673181453, 0.03422006475542692, 0.034821888570572584, 0.03541289519752709, 0.03597130691442184, 0.03649544708967412, 0.03700725072300334, 0.0374733899694243, 0.03789731945023399, 0.03833494146799273, 0.03871165512643855, 0.039078339990905014, 0.03939235689058205, 0.03968197525816548, 0.03994082379557538, 0.040167693563441006, 0.040405231221972274, 0.04065148129235188, 0.04084026820477261, 0.0410808287950032, 0.04124769076308752, 0.04139593961933188, 0.041449698943886955, 0.04161485913967798, 0.0416671582791258, 0.041745689075211194, 0.04176402073844175, 0.04185230923676227, 0.04189478589532551, 0.04195325565707666, 0.041972125799666374, 0.041984496153839486]

listEveGenDiversityMetric1_AllRunsAve:
[1.0, 1.0, 1.0, 1.0, 1.0, 0.9269999999999999, 0.907, 0.906, 0.835, 0.8939999999999999, 0.8300000000000001, 0.7150000000000001, 0.813, 0.7399999999999999, 0.748, 0.774, 0.7859999999999999, 0.8030000000000002, 0.818, 0.8400000000000001, 0.789, 0.792, 0.796, 0.7990000000000002, 0.7949999999999999, 0.821, 0.8229999999999998, 0.817, 0.8220000000000001, 0.7939999999999998, 0.7950000000000002, 0.8, 0.8150000000000001, 0.8159999999999998, 0.8240000000000001, 0.827, 0.8089999999999999, 0.806, 0.82, 0.837, 0.8350000000000002, 0.818, 0.8260000000000002, 0.8219999999999998, 0.817, 0.8239999999999998, 0.82, 0.827, 0.8379999999999999, 0.835, 0.8239999999999998, 0.7949999999999999, 0.8210000000000001, 0.8440000000000001, 0.858, 0.852, 0.829, 0.8240000000000001, 0.8310000000000001, 0.849, 0.857, 0.8629999999999999, 0.8390000000000001, 0.857, 0.8700000000000001, 0.874, 0.857, 0.8469999999999999, 0.8629999999999999, 0.8639999999999999, 0.858, 0.8699999999999999, 0.876, 0.8770000000000001, 0.857, 0.8640000000000001, 0.866, 0.873, 0.873, 0.875, 0.8710000000000001, 0.861, 0.866, 0.835, 0.7739999999999999, 0.726, 0.736, 0.789, 0.74, 0.718, 0.712, 0.697, 0.6585, 0.6689999999999999, 0.6638333333333334, 0.6603333333333333, 0.6735833333333334, 0.66475, 0.7007166666666667, 0.7074666666666667, 0.6940000000000001]

listfEveGenProportion_belongToLocalSearchedIndNeighbor_exceptCurrLocalSearchedInd_AllRunsAve:
[0.0, 0.0, 0.0, 0.0, 0.0, 0.0, 0.0, 0.0, 0.0, 0.0, 0.0, 0.0, 0.0, 0.0, 0.0, 0.0, 0.0, 0.0, 0.0, 0.0, 0.0, 0.0, 0.0, 0.0, 0.0, 0.0, 0.0, 0.0, 0.0, 0.0, 0.0, 0.0, 0.0, 0.0, 0.0, 0.0, 0.0, 0.0, 0.0, 0.0, 0.0, 0.0, 0.0, 0.0, 0.0, 0.0, 0.0, 0.0, 0.0, 0.0, 0.0, 0.0, 0.0, 0.0, 0.0, 0.0, 0.0, 0.0, 0.0, 0.0, 0.0, 0.0, 0.0, 0.0, 0.0, 0.0, 0.0, 0.0, 0.0, 0.0, 0.0, 0.0, 0.0, 0.003, 0.013000000000000001, 0.032, 0.048, 0.06399999999999999, 0.097, 0.122, 0.17099999999999999, 0.17099999999999999, 0.20800000000000002, 0.26799999999999996, 0.348, 0.40700000000000003, 0.375, 0.34199999999999997, 0.45600000000000007, 0.45199999999999996, 0.45599999999999996, 0.526, 0.6199999999999999, 0.6315, 0.6359999999999999, 0.7253333333333334, 0.708, 0.7342500000000001, 0.7059166666666666, 0.7348666666666666, 0.7945]

listiAveDiversityMetric2EveGen:
[74.90804269768391, 1181.5187449647995, 384.3544058769513, 473.95524663605755, 474.4572481012141, 213.56564696663605, 305.3235622936435, 266.2408816202428, 166.16964366901334, 82.1588183164983, 131.84276690541782, 102.06688800326495, 110.83316626466687, 55.81212246097338, 11.540799722477297, 82.34823891439649, 80.17036078767472, 55.67529431282522, 39.00194129170493, 31.660550515253544, 17.898390972349763, 15.16042606264667, 18.02435660034691, 1.7626250056116721, 1.7102449301091724, 1.7986413468013467, 1.8072907172737476, 1.8215389776553415, 13.475888648097134, 1.6691724517906337, 1.6752592102846648, 1.7529911315171922, 1.763043607795123, 1.7584837465564735, 1.7483412876237119, 1.7340610631568207, 1.7488251076420773, 1.7614144352617083, 1.768527440057137, 1.796766468727681, 1.8567515967758392, 1.772302254871952, 1.8130645444342413, 1.8687960983573106, 1.8563520457096214, 1.8800390817263541, 1.8338199938781756, 1.9002506846240181, 1.9507203264972965, 1.9789702765023982, 1.9324553984287316, 1.88443882869095, 1.958531349862259, 2.012768280787675, 2.068350641771248, 2.0518603244566878, 2.1207453443526174, 2.1277393408835836, 2.1303291990613205, 2.1600212059993877, 2.216240987654321, 2.281842685440261, 2.2437514376084073, 2.3012020650953984, 2.262957983879196, 2.262173688399143, 2.1843188409345986, 2.079004983164983, 2.335247097234976, 2.325333904703602, 2.435432678298133, 2.413669413325171, 2.4901213182328332, 2.7372572145699423, 2.8763135067850216, 2.9172099091929398, 3.0348967737985917, 3.116221071319253, 3.459342642587491, 3.8616417263544527, 4.379094157739006, 4.521094157739006, 4.297102581369248, 4.304133712886441, 4.529227854300581, 4.7800465054586265, 4.644006252423223, 3.8976060769309258, 4.223912653810835, 3.7257709009284765, 3.7543648076726868, 3.6102820569329666, 3.811195754977166, 3.631784263045818, 3.462587610714171, 3.7904081591946266, 4.313713264378851, 4.4146188623425955, 4.967101301158773, 5.067772686471716, 5.37005918092492]

listiAveFitEvaNumByThisGen:
[100, 3200, 6300, 9400, 12500, 15600, 18700, 21800, 24900, 28000, 31100, 34200, 37300, 40400, 43500, 46600, 49700, 52800, 55900, 59000, 62100, 65200, 68300, 71400, 74500, 77600, 80700, 83800, 86900, 90000, 93100, 96200, 99300, 102400, 105500, 108600, 111700, 114800, 117900, 121000, 124100, 127200, 130300, 133400, 136500, 139600, 142700, 145800, 148900, 152000, 155100, 158200, 161300, 164400, 167500, 170600, 173700, 176800, 179900, 183000, 186100, 189200, 192300, 195400, 198500, 201600, 204700, 207800, 210900, 214000, 217100, 220200, 223300, 226400, 229500, 232600, 235700, 238800, 241900, 245000, 248100, 251200, 254300, 257400, 260500, 263600, 266700, 269800, 272900, 276000, 279100, 282200, 285300, 288410, 291530, 294670, 297820, 301010, 304230, 307510, 310830]
------------------------new instance-----------------------------
listiEveGenLocalSearchedIndNum_AllRunsEve:
[0.0, 10.0, 20.0, 30.0, 40.0, 50.0, 60.0, 70.0, 80.0, 90.0, 100.0, 110.0, 120.0, 130.0, 140.0, 150.0, 160.0, 170.0, 180.0, 190.0, 200.0, 210.0, 220.0, 230.0, 240.0, 250.0, 260.0, 270.0, 280.0, 290.0, 300.0, 310.0, 320.0, 330.0, 340.0, 350.0, 360.0, 370.0, 380.0, 390.0, 400.0, 410.0, 420.0, 430.0, 440.0, 450.0, 460.0, 470.0, 480.0, 490.0, 500.0, 510.0, 520.0, 530.0, 540.0, 550.0, 560.0, 570.0, 580.0, 590.0, 600.0, 610.0, 620.0, 630.0, 640.0, 650.0, 660.0, 670.0, 680.0, 690.0, 700.0, 710.0, 720.0, 730.0, 740.0, 750.0, 760.0, 770.0, 780.0, 790.0, 800.0, 810.0, 820.0, 830.0, 840.0, 850.0, 860.0, 870.0, 880.0, 890.0, 900.0, 910.0, 920.0, 930.0, 940.0, 950.0, 960.0, 970.0, 980.0, 990.0, 1000.0]

listfEveGenBestIndFitness_AllRunsAve:
[0.0075716777043470865, 0.007753618013799089, 0.00831442321776272, 0.008780080434533998, 0.00929816384029378, 0.00977292084559313, 0.010189873635948688, 0.010574886589114397, 0.010908754814419172, 0.011160696161199721, 0.011459792512531833, 0.011857142978539015, 0.012167639795208072, 0.012403230754199407, 0.012656393817050832, 0.01288527916071892, 0.01313834860942301, 0.013365980836880485, 0.013598935270063617, 0.013836512019605635, 0.014114987591136576, 0.014363698385600813, 0.014617344950656308, 0.014875595659125874, 0.015139692196044316, 0.0154385616101043, 0.01571847876134162, 0.015997163292317644, 0.016281854415684232, 0.016635243514155365, 0.016938126670409146, 0.017247458533881405, 0.017562966729374626, 0.01788725506847521, 0.01821988288597117, 0.018559829451722087, 0.018907906884556958, 0.01926406432700358, 0.01963008147039071, 0.02000677091762963, 0.020390840006370058, 0.020784380664370695, 0.0211852983426312, 0.021595236445216312, 0.022013383963714966, 0.02244449349940952, 0.02288019784848476, 0.023326969549579957, 0.023780427404361766, 0.024243952470727498, 0.02471699811765985, 0.0252017883394006, 0.025694500549536797, 0.026193925590117358, 0.02670518990632021, 0.027222094872963093, 0.027750274864754194, 0.028285051185770682, 0.028832593846047656, 0.02938364069910742, 0.02994323166658176, 0.030509178504275918, 0.03107571299768394, 0.03164939060595087, 0.03222635961453427, 0.03280129756091583, 0.03337925093096164, 0.033955699324330575, 0.03453151068495193, 0.035102949487777244, 0.03567173950125233, 0.03622607942934442, 0.03674817964124645, 0.03722810382573037, 0.037681201017384175, 0.038081039679524135, 0.038460949947412434, 0.03883037057884315, 0.039138279718769674, 0.03938060039643388, 0.03964119731612502, 0.039819306948730926, 0.04001306718221033, 0.0401244336778301, 0.04023033694559678, 0.040309499492836395, 0.04042364706729579, 0.04055872067572049, 0.04065284885327689, 0.04072155941019826, 0.040809619763647345, 0.04086248296160156, 0.04088707829876563, 0.04097583113040151, 0.041016735273588734, 0.04105773230212938, 0.0411098354564713, 0.04114174957226812, 0.04115261510794936, 0.04117212013998837, 0.04118363920477796]

listEveGenDiversityMetric1_AllRunsAve:
[1.0, 1.0, 1.0, 1.0, 0.9960000000000001, 0.9890000000000001, 0.97, 0.868, 0.796, 0.7769999999999999, 0.767, 0.884, 0.789, 0.7170000000000001, 0.764, 0.733, 0.7970000000000002, 0.7859999999999999, 0.8140000000000001, 0.818, 0.827, 0.788, 0.8039999999999999, 0.8110000000000002, 0.8100000000000002, 0.8300000000000001, 0.8230000000000001, 0.8030000000000002, 0.7789999999999999, 0.8290000000000001, 0.813, 0.8099999999999999, 0.797, 0.8039999999999999, 0.8300000000000001, 0.8320000000000001, 0.819, 0.8150000000000001, 0.8230000000000001, 0.8370000000000001, 0.843, 0.835, 0.8379999999999999, 0.8240000000000001, 0.8220000000000001, 0.818, 0.8310000000000001, 0.8139999999999998, 0.829, 0.8220000000000001, 0.836, 0.836, 0.826, 0.818, 0.8150000000000001, 0.8200000000000001, 0.8099999999999999, 0.8390000000000001, 0.8389999999999999, 0.8459999999999999, 0.8400000000000001, 0.8309999999999998, 0.841, 0.8309999999999998, 0.849, 0.8619999999999999, 0.861, 0.867, 0.869, 0.8610000000000001, 0.8800000000000001, 0.882, 0.8779999999999999, 0.868, 0.859, 0.8480000000000001, 0.842, 0.835, 0.8260000000000002, 0.781, 0.7619999999999999, 0.768, 0.759, 0.7070000000000001, 0.661, 0.628, 0.5800000000000001, 0.5894999999999999, 0.6325000000000001, 0.6028333333333333, 0.6114999999999999, 0.6121666666666666, 0.57755, 0.5559333333333334, 0.5845952380952382, 0.5609047619047619, 0.5561666666666667, 0.569075, 0.5823805555555556, 0.6052790404040403, 0.6034444444444443]

listfEveGenProportion_belongToLocalSearchedIndNeighbor_exceptCurrLocalSearchedInd_AllRunsAve:
[0.0, 0.0, 0.0, 0.0, 0.0, 0.0, 0.0, 0.0, 0.0, 0.0, 0.0, 0.0, 0.0, 0.0, 0.0, 0.0, 0.0, 0.0, 0.0, 0.0, 0.0, 0.0, 0.0, 0.0, 0.0, 0.0, 0.0, 0.0, 0.0, 0.0, 0.0, 0.0, 0.0, 0.0, 0.0, 0.0, 0.0, 0.0, 0.0, 0.0, 0.0, 0.0, 0.0, 0.0, 0.0, 0.0, 0.0, 0.0, 0.0, 0.0, 0.0, 0.0, 0.0, 0.0, 0.0, 0.0, 0.0, 0.0, 0.0, 0.0, 0.0, 0.0, 0.0, 0.0, 0.0, 0.0, 0.0, 0.0, 0.0, 0.0, 0.0, 0.0, 0.004, 0.029000000000000005, 0.043, 0.061, 0.091, 0.11600000000000002, 0.161, 0.23800000000000004, 0.298, 0.31100000000000005, 0.38299999999999995, 0.40599999999999997, 0.46900000000000014, 0.5319999999999999, 0.602, 0.5980000000000001, 0.5449999999999999, 0.584, 0.6201666666666668, 0.6603333333333333, 0.6897, 0.7565666666666667, 0.7355238095238095, 0.7726488095238097, 0.7940416666666668, 0.7764333333333333, 0.7656333333333334, 0.7921084054834056, 0.8455555555555556]

listiAveDiversityMetric2EveGen:
[74.90804269768391, 400.4307493847567, 209.61690685032144, 208.65180343638403, 256.1634462320171, 122.3817598734823, 301.67023278032855, 63.968930900928456, 47.420741087644124, 54.966822789511276, 61.909309723497586, 56.597961163146614, 29.383268201203958, 51.98013868380777, 62.87330055708602, 10.636556824813795, 1.517192029384757, 1.676166431996735, 1.7755509029690846, 1.8042679726558515, 7.347092749719417, 1.6723025160697886, 1.737391776349352, 1.7565781287623714, 1.7172270911131515, 8.813068968472605, 1.6929460912151821, 1.704018512396694, 1.662903442505867, 1.6322231976328947, 1.7476626466687073, 1.8101107723701666, 1.8110160187735942, 1.796293700642791, 1.8905613059891848, 1.9484292296704422, 1.877886289154168, 1.8635673421079482, 1.865529786756453, 1.8364192062034488, 1.8344386572798694, 1.8699548535863688, 1.8735147189062342, 1.9031498663401691, 1.890311829405163, 1.7876509090909092, 1.8278232180389757, 1.7489361330476485, 1.9535094949494947, 1.9604916559534746, 1.9186981736557496, 1.8760853137434956, 1.8180894194469954, 1.8341381491684523, 1.8414274951535554, 1.87037339047036, 1.803146454443424, 1.9374278379757168, 1.91792943577186, 1.9327446260585652, 2.098795910621365, 2.119150486685032, 2.3075623793490463, 2.286293268033874, 2.4495204815835114, 2.7799032751760024, 2.93764677073768, 2.906949266401388, 2.9174148760330576, 2.8920404366901336, 3.2484664666870726, 3.2204505009692896, 3.278220361187634, 3.0904008856239162, 3.2857195102540557, 3.403392368125702, 3.4537431894704618, 3.1077525313743495, 3.08451372308948, 3.1722035792266094, 3.100415039281706, 3.8977494990307116, 3.295996037139068, 3.2246740659116417, 3.177605913682277, 3.4189173635343337, 3.393662789511274, 3.5358070281969702, 3.7642586496332697, 3.4541716396620785, 3.2500372735843053, 3.3844743008769833, 3.315237769937614, 3.533645180906279, 3.977678900998792, 4.533498188874253, 5.168902563474999, 5.467656054311891, 5.232210820479935, 5.535409015575149, 5.075142028744399]

listiAveFitEvaNumByThisGen:
[100, 3200, 6300, 9400, 12500, 15600, 18700, 21800, 24900, 28000, 31100, 34200, 37300, 40400, 43500, 46600, 49700, 52800, 55900, 59000, 62100, 65200, 68300, 71400, 74500, 77600, 80700, 83800, 86900, 90000, 93100, 96200, 99300, 102400, 105500, 108600, 111700, 114800, 117900, 121000, 124100, 127200, 130300, 133400, 136500, 139600, 142700, 145800, 148900, 152000, 155100, 158200, 161300, 164400, 167500, 170600, 173700, 176800, 179900, 183000, 186100, 189200, 192300, 195400, 198500, 201600, 204700, 207800, 210900, 214000, 217100, 220200, 223300, 226400, 229500, 232600, 235700, 238800, 241900, 245000, 248100, 251200, 254300, 257400, 260500, 263600, 266700, 269800, 272910, 276060, 279220, 282400, 285590, 288810, 292070, 295380, 298730, 302120, 305560, 309040, 312570]
------------------------new instance-----------------------------
listiEveGenLocalSearchedIndNum_AllRunsEve:
[0.0, 10.0, 20.0, 30.0, 40.0, 50.0, 60.0, 70.0, 80.0, 90.0, 100.0, 110.0, 120.0, 130.0, 140.0, 150.0, 160.0, 170.0, 180.0, 190.0, 200.0, 210.0, 220.0, 230.0, 240.0, 250.0, 260.0, 270.0, 280.0, 290.0, 300.0, 310.0, 320.0, 330.0, 340.0, 350.0, 360.0, 370.0, 380.0, 390.0, 400.0, 410.0, 420.0, 430.0, 440.0, 450.0, 460.0, 470.0, 480.0, 490.0, 500.0, 510.0, 520.0, 530.0, 540.0, 550.0, 560.0, 570.0, 580.0, 590.0, 600.0, 610.0, 620.0, 630.0, 640.0, 650.0, 660.0, 670.0, 680.0, 690.0, 700.0, 710.0, 720.0, 730.0, 740.0, 750.0, 760.0, 770.0, 780.0, 790.0, 800.0, 810.0, 820.0, 830.0, 840.0, 850.0, 860.0, 870.0, 880.0, 890.0, 900.0, 910.0, 920.0, 930.0, 940.0, 950.0, 960.0, 970.0, 980.0, 990.0, 1000.0]

listfEveGenBestIndFitness_AllRunsAve:
[0.007388578228401182, 0.007541568224717289, 0.008089883962105106, 0.00872045818480504, 0.009127172523233229, 0.009492937335628952, 0.00987943938293346, 0.010222412808683544, 0.010604004404612432, 0.010919845108012211, 0.011206822521768318, 0.011494471867097945, 0.011702240997600689, 0.011948871418576822, 0.012194762581127023, 0.01246152995403479, 0.012687797175548226, 0.012902556692461698, 0.013121846720758954, 0.013372853632500865, 0.013607958865207529, 0.01384390204550091, 0.014084051396160271, 0.014329187130670223, 0.01458005904726753, 0.014836028625927297, 0.015097945505993523, 0.01536578073727487, 0.01563884791725879, 0.01591989555389243, 0.01620789197867261, 0.016502283956984574, 0.016818718892865923, 0.01713440529010749, 0.017457263349965144, 0.01780698544956632, 0.01814946371934647, 0.01850025208510126, 0.018859012901918024, 0.019227357411796056, 0.019606841313344683, 0.019993332233136776, 0.020390941710446718, 0.020796590635070597, 0.021214867935525475, 0.021644201039523706, 0.022084210812599724, 0.02253467821837162, 0.022997475913744184, 0.023471969216181766, 0.02395406507069827, 0.024439722074664612, 0.024937060255773923, 0.025447911283810565, 0.025968648209729113, 0.026495595756172507, 0.027035679581366927, 0.027587111670267804, 0.028151815772996885, 0.028730136313519172, 0.02931429620614721, 0.029905696581401443, 0.030510808949956208, 0.03110529679581911, 0.03170331970517562, 0.03230335289496242, 0.03291344536512994, 0.033535198867424496, 0.034155402999664755, 0.03476867809636968, 0.03538786036527955, 0.035973766924300266, 0.03656162585472416, 0.03712132886598719, 0.037658918126322646, 0.03815601064826039, 0.03860683220780793, 0.03901355298732911, 0.039386893592636286, 0.03972872893467119, 0.04005909775456148, 0.04025235930216142, 0.040524720088402785, 0.04073050133507012, 0.040988701720066974, 0.04112983135022959, 0.04123734210813381, 0.041358963859040684, 0.04157090671898215, 0.04169848376023843, 0.041846700943255974, 0.04190986741019849, 0.0420128397842381, 0.04203538862239407, 0.04207905421954251, 0.04214836598793257, 0.04217775729172103, 0.042200948680678654, 0.042216690929104204, 0.042216690929104204, 0.042216690929104204]

listEveGenDiversityMetric1_AllRunsAve:
[1.0, 1.0, 1.0, 1.0, 0.992, 0.9269999999999999, 0.932, 0.874, 0.841, 0.833, 0.89, 0.8039999999999999, 0.758, 0.818, 0.7620000000000001, 0.7730000000000001, 0.74, 0.755, 0.7979999999999998, 0.8140000000000001, 0.797, 0.7899999999999998, 0.8089999999999999, 0.812, 0.807, 0.825, 0.8219999999999998, 0.817, 0.817, 0.8170000000000002, 0.8230000000000001, 0.8320000000000001, 0.8270000000000002, 0.819, 0.8320000000000001, 0.836, 0.807, 0.7979999999999999, 0.807, 0.8090000000000002, 0.8, 0.825, 0.825, 0.8109999999999999, 0.8190000000000002, 0.8310000000000001, 0.8360000000000001, 0.835, 0.8399999999999999, 0.8460000000000001, 0.845, 0.8059999999999998, 0.804, 0.82, 0.8300000000000001, 0.8370000000000001, 0.8219999999999998, 0.8380000000000001, 0.85, 0.8310000000000001, 0.8379999999999999, 0.819, 0.8220000000000001, 0.849, 0.8320000000000001, 0.8240000000000001, 0.8309999999999998, 0.852, 0.859, 0.85, 0.85, 0.8560000000000001, 0.8639999999999999, 0.8489999999999999, 0.8539999999999999, 0.8550000000000001, 0.849, 0.8320000000000001, 0.825, 0.817, 0.806, 0.8200000000000001, 0.76, 0.796, 0.7665, 0.7714999999999999, 0.7135, 0.6660000000000001, 0.6439999999999999, 0.6815, 0.6925, 0.661, 0.6595, 0.6004999999999999, 0.6056666666666666, 0.6050666666666668, 0.5994166666666667, 0.5995357142857144, 0.5885952380952382, 0.6175912698412698, 0.5904285714285715]

listfEveGenProportion_belongToLocalSearchedIndNeighbor_exceptCurrLocalSearchedInd_AllRunsAve:
[0.0, 0.0, 0.0, 0.0, 0.0, 0.0, 0.0, 0.0, 0.0, 0.0, 0.0, 0.0, 0.0, 0.0, 0.0, 0.0, 0.0, 0.0, 0.0, 0.0, 0.0, 0.0, 0.0, 0.0, 0.0, 0.0, 0.0, 0.0, 0.0, 0.0, 0.0, 0.0, 0.0, 0.0, 0.0, 0.0, 0.0, 0.0, 0.0, 0.0, 0.0, 0.0, 0.0, 0.0, 0.0, 0.0, 0.0, 0.0, 0.0, 0.0, 0.0, 0.0, 0.0, 0.0, 0.0, 0.0, 0.0, 0.0, 0.0, 0.0, 0.0, 0.0, 0.0, 0.0, 0.0, 0.0, 0.0, 0.0, 0.0, 0.0, 0.002, 0.013000000000000001, 0.013999999999999999, 0.036000000000000004, 0.05, 0.072, 0.09100000000000001, 0.14100000000000001, 0.16799999999999998, 0.22899999999999995, 0.272, 0.257, 0.35, 0.34, 0.34650000000000003, 0.3705, 0.42350000000000004, 0.546, 0.5790000000000001, 0.5205, 0.49799999999999994, 0.616, 0.5896666666666667, 0.7503333333333334, 0.6904166666666667, 0.7518, 0.7501666666666666, 0.753695238095238, 0.8182261904761905, 0.7758710317460318, 0.859259126984127]

listiAveDiversityMetric2EveGen:
[74.90804269768391, 1113.0112316784002, 166.58288955004593, 331.6559625711662, 195.62376081624325, 304.9827000795837, 371.7707904254668, 32.487446134067945, 48.92326425466789, 65.5119313090501, 106.68133998979695, 40.845553482297724, 60.377058855218856, 36.20988981940619, 32.00694651158045, 30.22700714212836, 13.780406015712682, 1.5780199081726356, 1.7156936802367106, 22.52240490154066, 20.524200485664725, 1.7125183307825733, 1.8247485766758493, 1.8923917641057035, 1.9175071931435568, 1.9907059606162636, 1.9673915559636772, 1.9239416712580346, 1.9654196102438526, 1.9449313498622591, 1.9381562371186618, 1.9453803979185795, 19.587787874706663, 1.7661815243342516, 1.764049496990103, 19.26004827670646, 1.7491456790123459, 1.7207634649525558, 1.7887307662483418, 1.814554367921641, 1.722275147433935, 1.8389506050403017, 1.8658245485154576, 1.8449202652790533, 1.8873169676563617, 1.9385684236302416, 1.8547275584124072, 1.8800565166819712, 1.8036870849913273, 1.7948324619936742, 1.8521481807978777, 1.8442526272829305, 2.0036152392613, 2.0584004734210795, 2.052380255076012, 2.0108458810325476, 1.9429527109478624, 1.97544105295378, 1.9507408958269565, 1.8287538006325885, 1.9215059198041016, 1.9727136088154271, 1.8594527252321194, 2.0947550658096117, 2.2192379226609527, 2.3613882338536882, 2.434040444852566, 2.506320302009999, 2.418625528007346, 2.3862370451994694, 2.4171996490154064, 2.4406215406591167, 2.5071032262014077, 2.541547197224773, 2.7918228425670852, 2.991277404346495, 2.985405885113764, 2.944358596061626, 2.8698958840934603, 3.1737627221712073, 3.679304519946944, 3.574455214774004, 3.068551494745434, 3.174874984185287, 3.496285907738975, 3.635682784386515, 3.1193689586443876, 3.398257692584618, 3.5399437436551224, 4.064079237011884, 3.855337220277162, 3.4062858507159057, 3.504905841134371, 3.635082305902995, 3.8237486750522214, 4.037161055514089, 4.076671903040215, 4.313336170573548, 4.541377937784855, 4.626895756148541, 4.691049552776564]

listiAveFitEvaNumByThisGen:
[100, 3200, 6300, 9400, 12500, 15600, 18700, 21800, 24900, 28000, 31100, 34200, 37300, 40400, 43500, 46600, 49700, 52800, 55900, 59000, 62100, 65200, 68300, 71400, 74500, 77600, 80700, 83800, 86900, 90000, 93100, 96200, 99300, 102400, 105500, 108600, 111700, 114800, 117900, 121000, 124100, 127200, 130300, 133400, 136500, 139600, 142700, 145800, 148900, 152000, 155100, 158200, 161300, 164400, 167500, 170600, 173700, 176800, 179900, 183000, 186100, 189200, 192300, 195400, 198500, 201600, 204700, 207800, 210900, 214000, 217100, 220200, 223300, 226400, 229500, 232600, 235700, 238800, 241900, 245000, 248100, 251200, 254300, 257400, 260500, 263610, 266720, 269830, 272940, 276050, 279160, 282290, 285420, 288590, 291760, 294970, 298210, 301490, 304820, 308190, 311630]
------------------------new instance-----------------------------
listiEveGenLocalSearchedIndNum_AllRunsEve:
[0.0, 10.0, 20.0, 30.0, 40.0, 50.0, 60.0, 70.0, 80.0, 90.0, 100.0, 110.0, 120.0, 130.0, 140.0, 150.0, 160.0, 170.0, 180.0, 190.0, 200.0, 210.0, 220.0, 230.0, 240.0, 250.0, 260.0, 270.0, 280.0, 290.0, 300.0, 310.0, 320.0, 330.0, 340.0, 350.0, 360.0, 370.0, 380.0, 390.0, 400.0, 410.0, 420.0, 430.0, 440.0, 450.0, 460.0, 470.0, 480.0, 490.0, 500.0, 510.0, 520.0, 530.0, 540.0, 550.0, 560.0, 570.0, 580.0, 590.0, 600.0, 610.0, 620.0, 630.0, 640.0, 650.0, 660.0, 670.0, 680.0, 690.0, 700.0, 710.0, 720.0, 730.0, 740.0, 750.0, 760.0, 770.0, 780.0, 790.0, 800.0, 810.0, 820.0, 830.0, 840.0, 850.0, 860.0, 870.0, 880.0, 890.0, 900.0, 910.0, 920.0, 930.0, 940.0, 950.0, 960.0, 970.0, 980.0, 990.0, 1000.0]

listfEveGenBestIndFitness_AllRunsAve:
[0.007491060468064657, 0.007644562095500754, 0.008237102819943904, 0.008867366458571665, 0.009257709112123473, 0.009589491760466142, 0.00997669091532441, 0.010312053452315163, 0.010669142809234823, 0.010923288039217256, 0.011308755743846903, 0.011559629959786261, 0.011811452980611575, 0.0121029036718945, 0.012343446479881596, 0.012568258635779202, 0.012815292659221805, 0.01306670912139644, 0.013309139862799964, 0.013582550535837937, 0.013825883004481945, 0.014072596337197507, 0.014324338414979076, 0.014581512748394749, 0.014842752923426964, 0.015108664284977345, 0.015379571326277805, 0.015657603742301972, 0.01594341346968741, 0.01623461462472561, 0.01653054946205951, 0.016834634327453534, 0.017144687605328224, 0.017461082894813525, 0.017786917429571947, 0.018117505615081443, 0.018458060913079177, 0.01880417756879285, 0.019155661441971738, 0.019515495991921872, 0.019884080377207788, 0.020261342007322405, 0.020648294260492382, 0.021042394659832674, 0.021448297515443502, 0.02186381928629227, 0.0222907858404712, 0.022727815787709247, 0.023176828893391933, 0.023632068238896006, 0.02408874557594321, 0.024557811593945617, 0.025035047972874917, 0.025521788586777238, 0.02602073116244403, 0.026530933389650818, 0.02705133318716003, 0.027583648346377044, 0.028127047285094853, 0.028679687845784195, 0.029239948422164146, 0.029811768197655318, 0.03038864539524857, 0.030968725532083165, 0.031553167970637, 0.03213724216733193, 0.03272515087002722, 0.03330918191777109, 0.0338880043155387, 0.034452796438177655, 0.035009072334066735, 0.03555956057563516, 0.036114278669644714, 0.036638571500332576, 0.037129826595583754, 0.037613972951680716, 0.03808163127231472, 0.03850947363616616, 0.03888890419373921, 0.03918022607378931, 0.03950814559384211, 0.03979339066966918, 0.040085622561833026, 0.04024445470887793, 0.04045795561499019, 0.0406042127402053, 0.04075279166352115, 0.04084823252685478, 0.040909764753106814, 0.04100159622885595, 0.04108691071541508, 0.04111861624790275, 0.04115268352874219, 0.04115847373134057, 0.041183999034582905, 0.04124345182472584, 0.04132078681348237, 0.04132638229119755, 0.04134034868413074, 0.04135898733075159, 0.04136188568092407]

listEveGenDiversityMetric1_AllRunsAve:
[1.0, 1.0, 1.0, 1.0, 0.959, 0.9789999999999999, 0.969, 0.8470000000000001, 0.9109999999999999, 0.783, 0.8480000000000001, 0.7539999999999999, 0.8470000000000001, 0.7539999999999999, 0.7370000000000001, 0.741, 0.775, 0.7889999999999999, 0.7989999999999999, 0.7850000000000001, 0.788, 0.808, 0.8060000000000003, 0.805, 0.8020000000000002, 0.8110000000000002, 0.8160000000000001, 0.8089999999999999, 0.826, 0.826, 0.7980000000000002, 0.7889999999999999, 0.817, 0.8099999999999999, 0.826, 0.8239999999999998, 0.79, 0.8140000000000001, 0.8190000000000002, 0.7859999999999999, 0.8130000000000001, 0.8310000000000001, 0.817, 0.806, 0.821, 0.8240000000000001, 0.8160000000000001, 0.8340000000000002, 0.841, 0.837, 0.8080000000000002, 0.7929999999999999, 0.8240000000000002, 0.807, 0.8140000000000001, 0.833, 0.8240000000000001, 0.8409999999999999, 0.836, 0.841, 0.849, 0.8459999999999999, 0.8370000000000001, 0.8320000000000001, 0.8450000000000001, 0.849, 0.8390000000000001, 0.8350000000000002, 0.8459999999999999, 0.8520000000000001, 0.8470000000000001, 0.8469999999999999, 0.8470000000000001, 0.853, 0.8440000000000001, 0.85, 0.821, 0.8305000000000001, 0.821, 0.8223333333333332, 0.787, 0.8012499999999999, 0.7698, 0.7732, 0.7350000000000001, 0.7278333333333334, 0.7106666666666666, 0.6795, 0.6238333333333334, 0.6293333333333333, 0.64, 0.6394999999999998, 0.6439166666666666, 0.6334, 0.593561111111111, 0.6197, 0.604651515151515, 0.639125, 0.6161536324786326, 0.6283738095238095, 0.620300865800866]

listfEveGenProportion_belongToLocalSearchedIndNeighbor_exceptCurrLocalSearchedInd_AllRunsAve:
[0.0, 0.0, 0.0, 0.0, 0.0, 0.0, 0.0, 0.0, 0.0, 0.0, 0.0, 0.0, 0.0, 0.0, 0.0, 0.0, 0.0, 0.0, 0.0, 0.0, 0.0, 0.0, 0.0, 0.0, 0.0, 0.0, 0.0, 0.0, 0.0, 0.0, 0.0, 0.0, 0.0, 0.0, 0.0, 0.0, 0.0, 0.0, 0.0, 0.0, 0.0, 0.0, 0.0, 0.0, 0.0, 0.0, 0.0, 0.0, 0.0, 0.0, 0.0, 0.0, 0.0, 0.0, 0.0, 0.0, 0.0, 0.0, 0.0, 0.0, 0.0, 0.0, 0.0, 0.0, 0.0, 0.0, 0.014000000000000002, 0.024, 0.022, 0.023, 0.023, 0.034999999999999996, 0.05600000000000001, 0.06000000000000001, 0.05900000000000001, 0.092, 0.15200000000000002, 0.13399999999999998, 0.187, 0.23033333333333333, 0.29966666666666664, 0.29674999999999996, 0.33599999999999997, 0.3108, 0.4064, 0.44799999999999995, 0.4696666666666666, 0.5326666666666666, 0.6108333333333332, 0.6271666666666667, 0.6488333333333334, 0.6289999999999999, 0.6954166666666666, 0.7403250000000001, 0.824688888888889, 0.7857333333333333, 0.8217294372294373, 0.751375, 0.7921829059829059, 0.8219396825396826, 0.8596770562770562]

listiAveDiversityMetric2EveGen:
[74.90804269768391, 835.4258748290991, 208.29142618916438, 243.72594236914603, 211.34611411896745, 342.5460743026222, 186.51837756147333, 121.66010782573207, 62.63986349556167, 45.670405252525256, 51.61878942965003, 64.3363823650648, 148.14712205693294, 53.146433751657995, 29.847625315784093, 28.890808480767266, 1.43353532496684, 13.016236192225284, 44.217619377614525, 17.460665732068158, 1.6994492643607795, 1.7933013039485768, 1.7570037179879605, 1.7578250872359962, 1.6997247464544434, 1.7587109723497605, 1.838917906336088, 1.8299561595755534, 1.8337091970207122, 1.787389074584226, 1.7263324966840117, 1.6080391960004081, 1.7466332496684014, 1.6959953474135294, 1.8021017936945207, 1.813335667789001, 1.7000156718702175, 1.7213876788082847, 1.7830837669625548, 1.8087757739006225, 1.8564076318742988, 1.8312494643403734, 1.8717068054280177, 1.8335578002244666, 1.8223694888276707, 1.8174077910417303, 1.801999387817569, 1.828992764003673, 1.7903601183552698, 1.7981709458218549, 1.788306858483828, 1.6914149494949495, 1.8528636832976226, 1.8847530007142126, 1.8935682318130802, 1.9895443648607287, 1.964248448117539, 2.072216418732782, 2.1756699438832774, 2.147300087746148, 2.235569448015508, 2.1628744658708294, 2.045390421385573, 2.0230724211815123, 2.044173941434548, 2.0372875094378124, 2.115011709009285, 2.2710694990307108, 2.281944160799918, 2.6716856035098457, 2.5610078032853796, 2.6354428201203963, 2.906854537292113, 2.982709192939496, 2.930854471992654, 3.3007376798285883, 3.6717871604938273, 3.9006986422235768, 4.197937517494585, 4.895588018457952, 5.3523293094880255, 4.5721108523327825, 4.221257611388909, 3.9875921928276505, 3.859475644824104, 4.158291233721313, 4.524823181794725, 3.960481153534956, 4.475273301513625, 5.258629824142469, 5.667395901396305, 5.3162203881397305, 5.108218480593826, 5.081689333775669, 5.217596021126592, 5.180825846962881, 5.253014818998266, 4.637681017687134, 4.014536572013812, 4.154924489336374, 4.3505901943302625]

listiAveFitEvaNumByThisGen:
[100, 3200, 6300, 9400, 12500, 15600, 18700, 21800, 24900, 28000, 31100, 34200, 37300, 40400, 43500, 46600, 49700, 52800, 55900, 59000, 62100, 65200, 68300, 71400, 74500, 77600, 80700, 83800, 86900, 90000, 93100, 96200, 99300, 102400, 105500, 108600, 111700, 114800, 117900, 121000, 124100, 127200, 130300, 133400, 136500, 139600, 142700, 145800, 148900, 152000, 155100, 158200, 161300, 164400, 167500, 170600, 173700, 176800, 179900, 183000, 186100, 189200, 192300, 195400, 198500, 201600, 204700, 207800, 210900, 214000, 217100, 220200, 223300, 226400, 229500, 232600, 235700, 238800, 241910, 245020, 248140, 251260, 254390, 257530, 260670, 263810, 266960, 270110, 273260, 276410, 279580, 282770, 285980, 289210, 292480, 295780, 299150, 302570, 306040, 309560, 313150]
------------------------new instance-----------------------------
listiEveGenLocalSearchedIndNum_AllRunsEve:
[0.0, 10.0, 20.0, 30.0, 40.0, 50.0, 60.0, 70.0, 80.0, 90.0, 100.0, 110.0, 120.0, 130.0, 140.0, 150.0, 160.0, 170.0, 180.0, 190.0, 200.0, 210.0, 220.0, 230.0, 240.0, 250.0, 260.0, 270.0, 280.0, 290.0, 300.0, 310.0, 320.0, 330.0, 340.0, 350.0, 360.0, 370.0, 380.0, 390.0, 400.0, 410.0, 420.0, 430.0, 440.0, 450.0, 460.0, 470.0, 480.0, 490.0, 500.0, 510.0, 520.0, 530.0, 540.0, 550.0, 560.0, 570.0, 580.0, 590.0, 600.0, 610.0, 620.0, 630.0, 640.0, 650.0, 660.0, 670.0, 680.0, 690.0, 700.0, 710.0, 720.0, 730.0, 740.0, 750.0, 760.0, 770.0, 780.0, 790.0, 800.0, 810.0, 820.0, 830.0, 840.0, 850.0, 860.0, 870.0, 880.0, 890.0, 900.0, 910.0, 920.0, 930.0, 940.0, 950.0, 960.0, 970.0, 980.0, 990.0, 1000.0]

listfEveGenBestIndFitness_AllRunsAve:
[0.007539865554549901, 0.007725430004494276, 0.00821873834919072, 0.008844947074257798, 0.009303683487563283, 0.009658021327314121, 0.010104042760451662, 0.01048993051836351, 0.010744152771867129, 0.01109749117422686, 0.011379883901359555, 0.011658749448288099, 0.0119833995547766, 0.012224853030007348, 0.012448506417159024, 0.012660282174571566, 0.012960894647991304, 0.013198239050435065, 0.013443535919863034, 0.013680663332353895, 0.013934541791674568, 0.014265949674262795, 0.014526430656580953, 0.014791675948577065, 0.015063746057801397, 0.015341403100921094, 0.015619153896277707, 0.015900824192506595, 0.01618856386081676, 0.01648137741102812, 0.016780119192642842, 0.01708615653100218, 0.017396997078961456, 0.017714436693452195, 0.018035664251579202, 0.01836638911149604, 0.018704022315428278, 0.01905078009211473, 0.019407213510169125, 0.019772304184847343, 0.020145023015711448, 0.020525124491415355, 0.02091430426764414, 0.02131330829822478, 0.021720228273532323, 0.02213638522380066, 0.022561729412862774, 0.022997817030659267, 0.023441133890884654, 0.02389504663961433, 0.024359461503400265, 0.02483273644970815, 0.025321040539000916, 0.025818188888996056, 0.026328702423632017, 0.02684851567575554, 0.02738076928308155, 0.027926972947424283, 0.02848618400253855, 0.02905599847732851, 0.029630508313905447, 0.03021733709528273, 0.03081730656468854, 0.03142324034544852, 0.03203882132903492, 0.03266259071790366, 0.03329458479259356, 0.033925403941190875, 0.034563826424825875, 0.03519047175745102, 0.03581909696842245, 0.03642424663004547, 0.03699606137436391, 0.03754488498966031, 0.03807075483791354, 0.03854894004616313, 0.038988067210123885, 0.039428943740316344, 0.03978896990178317, 0.0402292996804354, 0.04054973341845293, 0.04084233245843667, 0.04103075041280149, 0.04127889499510158, 0.04152399540861211, 0.041702119610872494, 0.041891357516134334, 0.04199370697413608, 0.04217780969013528, 0.04225391531301006, 0.04234926602276606, 0.042437791199424535, 0.042456240123157865, 0.042503274764398274, 0.04256438879560022, 0.04265238470977692, 0.042694006574017666, 0.04273062606761806, 0.042784188911868665, 0.042785806477686, 0.04279595394329325]

listEveGenDiversityMetric1_AllRunsAve:
[1.0, 1.0, 1.0, 1.0, 1.0, 0.999, 0.9730000000000001, 0.8029999999999999, 0.7769999999999999, 0.8889999999999999, 0.8390000000000001, 0.763, 0.78, 0.7550000000000001, 0.762, 0.7739999999999999, 0.8350000000000002, 0.758, 0.7699999999999999, 0.778, 0.8109999999999999, 0.7730000000000001, 0.7809999999999999, 0.8059999999999998, 0.8299999999999998, 0.836, 0.8109999999999999, 0.796, 0.808, 0.8029999999999999, 0.812, 0.8150000000000001, 0.8130000000000001, 0.793, 0.791, 0.7819999999999999, 0.8080000000000002, 0.827, 0.842, 0.8490000000000002, 0.842, 0.8240000000000001, 0.8019999999999999, 0.8230000000000001, 0.8270000000000002, 0.8240000000000001, 0.8250000000000002, 0.82, 0.826, 0.8100000000000002, 0.8119999999999999, 0.8150000000000001, 0.8049999999999999, 0.8180000000000002, 0.826, 0.825, 0.8240000000000001, 0.8310000000000001, 0.8470000000000001, 0.8530000000000001, 0.8399999999999999, 0.834, 0.852, 0.8560000000000001, 0.8399999999999999, 0.8399999999999999, 0.853, 0.8470000000000001, 0.8460000000000001, 0.853, 0.861, 0.857, 0.853, 0.8430000000000002, 0.844, 0.833, 0.8260000000000002, 0.804, 0.818, 0.7760000000000001, 0.833, 0.787, 0.752, 0.7040000000000001, 0.7139999999999999, 0.724, 0.7060000000000001, 0.653, 0.6359999999999999, 0.6540000000000001, 0.5940000000000001, 0.5625, 0.576, 0.5568333333333333, 0.5505833333333333, 0.5434166666666667, 0.5671333333333333, 0.5749500000000001, 0.595952380952381, 0.5866321428571428, 0.594025]

listfEveGenProportion_belongToLocalSearchedIndNeighbor_exceptCurrLocalSearchedInd_AllRunsAve:
[0.0, 0.0, 0.0, 0.0, 0.0, 0.0, 0.0, 0.0, 0.0, 0.0, 0.0, 0.0, 0.0, 0.0, 0.0, 0.0, 0.0, 0.0, 0.0, 0.0, 0.0, 0.0, 0.0, 0.0, 0.0, 0.0, 0.0, 0.0, 0.0, 0.0, 0.0, 0.0, 0.0, 0.0, 0.0, 0.0, 0.0, 0.0, 0.0, 0.0, 0.0, 0.0, 0.0, 0.0, 0.0, 0.0, 0.0, 0.0, 0.0, 0.0, 0.0, 0.0, 0.0, 0.0, 0.0, 0.0, 0.0, 0.0, 0.0, 0.0, 0.0, 0.0, 0.0, 0.0, 0.0, 0.0, 0.0, 0.0, 0.0, 0.0, 0.0, 0.011, 0.015, 0.023, 0.054000000000000006, 0.07800000000000001, 0.11099999999999999, 0.154, 0.136, 0.2, 0.175, 0.22100000000000003, 0.291, 0.359, 0.398, 0.35400000000000004, 0.398, 0.47800000000000004, 0.5069999999999999, 0.5415000000000001, 0.6245, 0.6789999999999999, 0.6075000000000002, 0.6798333333333333, 0.7408333333333333, 0.7752500000000001, 0.7013333333333334, 0.7256333333333331, 0.7676571428571429, 0.7813880952380952, 0.7829999999999999]

listiAveDiversityMetric2EveGen:
[74.90804269768391, 1147.3895828792981, 1055.2874327925722, 107.22878230384654, 148.89235728599127, 239.51189246403428, 152.1456439791858, 93.52106372410978, 205.18076001224364, 94.73459592694623, 184.74127338434852, 63.08490827874707, 56.57877342312008, 1.3321436628915417, 18.39027595143353, 1.6713028466483013, 37.94182034894398, 22.49768533823079, 23.978483811855934, 1.630094251606979, 44.96152875828997, 1.4260155371900827, 1.6884088072645649, 1.7794799551066216, 1.7975805570860115, 1.7473929599020508, 1.654954098561371, 1.6670428731762066, 1.7462282950719312, 1.7674878073665954, 1.8026203203754718, 1.7981307376798283, 1.8211664442403834, 1.7737534210794816, 1.819866854402612, 1.8090737353331292, 1.8786303111927354, 1.9260552515049483, 1.9079751862054892, 1.8255378185899396, 1.7969851402918071, 1.7826723150698907, 1.7680833547597186, 1.812094259769411, 1.8364523456790125, 1.7941671911029489, 1.7709857851239672, 1.7309970819304155, 1.837617451280482, 1.7919379818385877, 1.8318373880216305, 1.938083771043771, 1.840475037241098, 1.8929283787368631, 1.9193728313437404, 1.9206666095296399, 1.883250982552801, 1.9148095582083464, 2.0001924864809713, 2.0186541454953577, 2.0502599979593916, 2.0478268095092336, 2.1816489256198346, 2.1840231486583, 2.1221270645852464, 2.071766538108356, 2.181218814406693, 2.23085169268442, 2.222235184164881, 2.3689449321497804, 2.387888011427406, 2.5141723538414444, 2.502860038771554, 2.5296148433833285, 2.5751869482705847, 2.461344589327619, 2.650754253647587, 2.8144260667278855, 2.719921771247832, 2.6715184205693294, 2.8540409998979697, 2.650774574023059, 2.7888265238240995, 2.881827409448015, 3.2708428976635036, 3.0010176879910215, 2.8575110539740844, 2.60683955922865, 2.882037208448118, 3.320692257382661, 3.207723425317681, 3.038697171333305, 3.09496722083611, 2.9952446072562373, 3.3745790271773415, 3.161656453413699, 3.083876762712239, 3.164347364917146, 3.7692643006565683, 4.0640441018113735, 4.220426857280467]

listiAveFitEvaNumByThisGen:
[100, 3200, 6300, 9400, 12500, 15600, 18700, 21800, 24900, 28000, 31100, 34200, 37300, 40400, 43500, 46600, 49700, 52800, 55900, 59000, 62100, 65200, 68300, 71400, 74500, 77600, 80700, 83800, 86900, 90000, 93100, 96200, 99300, 102400, 105500, 108600, 111700, 114800, 117900, 121000, 124100, 127200, 130300, 133400, 136500, 139600, 142700, 145800, 148900, 152000, 155100, 158200, 161300, 164400, 167500, 170600, 173700, 176800, 179900, 183000, 186100, 189200, 192300, 195400, 198500, 201600, 204700, 207800, 210900, 214000, 217100, 220200, 223300, 226400, 229500, 232600, 235700, 238800, 241900, 245000, 248100, 251200, 254300, 257400, 260500, 263600, 266700, 269800, 272900, 276000, 279110, 282230, 285360, 288510, 291680, 294880, 298110, 301380, 304690, 308060, 311470]
------------------------new instance-----------------------------
listiEveGenLocalSearchedIndNum_AllRunsEve:
[0.0, 10.0, 20.0, 30.0, 40.0, 50.0, 60.0, 70.0, 80.0, 90.0, 100.0, 110.0, 120.0, 130.0, 140.0, 150.0, 160.0, 170.0, 180.0, 190.0, 200.0, 210.0, 220.0, 230.0, 240.0, 250.0, 260.0, 270.0, 280.0, 290.0, 300.0, 310.0, 320.0, 330.0, 340.0, 350.0, 360.0, 370.0, 380.0, 390.0, 400.0, 410.0, 420.0, 430.0, 440.0, 450.0, 460.0, 470.0, 480.0, 490.0, 500.0, 510.0, 520.0, 530.0, 540.0, 550.0, 560.0, 570.0, 580.0, 590.0, 600.0, 610.0, 620.0, 630.0, 640.0, 650.0, 660.0, 670.0, 680.0, 690.0, 700.0, 710.0, 720.0, 730.0, 740.0, 750.0, 760.0, 770.0, 780.0, 790.0, 800.0, 810.0, 820.0, 830.0, 840.0, 850.0, 860.0, 870.0, 880.0, 890.0, 900.0, 910.0, 920.0, 930.0, 940.0, 950.0, 960.0, 970.0, 980.0, 990.0, 1000.0]

listfEveGenBestIndFitness_AllRunsAve:
[0.007570293082397655, 0.007717740332847546, 0.008263045273681376, 0.008838760332405174, 0.009368023908505867, 0.009713266903529449, 0.010051638793733426, 0.010426731007574339, 0.010651077565157456, 0.0109320524620084, 0.011195922822320925, 0.011491216757573391, 0.011730370167937817, 0.011942583195379126, 0.012161618643936858, 0.012466928045549736, 0.012754721500600886, 0.012983966773708288, 0.013249787328025297, 0.013486680506852996, 0.013770147962656349, 0.014018802077424489, 0.014269263136657346, 0.014526144684015387, 0.014787448092402428, 0.015055842527305513, 0.015331097227780727, 0.01561166007482698, 0.015895657708450618, 0.016184889505314833, 0.016480639981410642, 0.016783832597193633, 0.017093629469562697, 0.01741064327293259, 0.017735704971741952, 0.018067587886475497, 0.018408259893576074, 0.018756323926141422, 0.01911403467558707, 0.019482143724485083, 0.01985902195612412, 0.020245552248391176, 0.020642393948829343, 0.021045178600146517, 0.021457642675808155, 0.021879659303498965, 0.022313308898970104, 0.02276148118723353, 0.02321854418083421, 0.023685220967136884, 0.024162681115979974, 0.024655367880688873, 0.025161855641004822, 0.025680346122681823, 0.02620702793570247, 0.026741605262608537, 0.027286058022676245, 0.02784238456010507, 0.028396521641027118, 0.028957983524404533, 0.02952618073528889, 0.0301063703280827, 0.03069284022786113, 0.03128230081581933, 0.031868246371440846, 0.03247918474838944, 0.03308379089681387, 0.033690689235525366, 0.03429638392357804, 0.03489255843649318, 0.03549713251153845, 0.03608571830395517, 0.036662223708667084, 0.03723300392213581, 0.03781370255289765, 0.03834515934477618, 0.03883833490143172, 0.03928645231724174, 0.03970315388125623, 0.04009668374397401, 0.040438980943793355, 0.040837166300202864, 0.041141254533093835, 0.041443063900155855, 0.04169590308207366, 0.041891804438400244, 0.04211179017328047, 0.042332467168400986, 0.042451133657512255, 0.04260349077083624, 0.04277109100843779, 0.042878835517085157, 0.043035798172179326, 0.04310991379290421, 0.04322545352725119, 0.04330982756522164, 0.04338326271602215, 0.04348941003051915, 0.04351146199894753, 0.043601958676244404, 0.043646929564708524]

listEveGenDiversityMetric1_AllRunsAve:
[1.0, 1.0, 1.0, 1.0, 1.0, 0.9359999999999999, 0.876, 0.906, 0.779, 0.8710000000000001, 0.724, 0.82, 0.736, 0.7739999999999999, 0.7739999999999999, 0.7809999999999999, 0.821, 0.768, 0.7969999999999999, 0.772, 0.826, 0.792, 0.7979999999999999, 0.8029999999999999, 0.8039999999999999, 0.818, 0.8309999999999998, 0.8379999999999999, 0.828, 0.8009999999999999, 0.8099999999999999, 0.8210000000000001, 0.819, 0.8160000000000001, 0.797, 0.8089999999999999, 0.8140000000000001, 0.8240000000000001, 0.828, 0.833, 0.842, 0.853, 0.85, 0.8300000000000001, 0.807, 0.794, 0.825, 0.8469999999999999, 0.857, 0.858, 0.8380000000000001, 0.8420000000000002, 0.858, 0.867, 0.8620000000000001, 0.8450000000000001, 0.842, 0.852, 0.8630000000000001, 0.836, 0.852, 0.857, 0.8629999999999999, 0.8540000000000001, 0.8320000000000001, 0.8480000000000001, 0.8450000000000001, 0.8430000000000002, 0.8470000000000001, 0.842, 0.8309999999999998, 0.8370000000000001, 0.8469999999999999, 0.845, 0.842, 0.843, 0.8299999999999998, 0.8109999999999999, 0.8300000000000001, 0.8149999999999998, 0.8049999999999999, 0.776, 0.8049999999999999, 0.775, 0.787, 0.74, 0.728, 0.735, 0.7205, 0.6825, 0.6906666666666668, 0.7043333333333333, 0.67775, 0.6603999999999999, 0.6311666666666668, 0.6438571428571429, 0.63125, 0.6184999999999998, 0.608, 0.5746363636363636, 0.61835]

listfEveGenProportion_belongToLocalSearchedIndNeighbor_exceptCurrLocalSearchedInd_AllRunsAve:
[0.0, 0.0, 0.0, 0.0, 0.0, 0.0, 0.0, 0.0, 0.0, 0.0, 0.0, 0.0, 0.0, 0.0, 0.0, 0.0, 0.0, 0.0, 0.0, 0.0, 0.0, 0.0, 0.0, 0.0, 0.0, 0.0, 0.0, 0.0, 0.0, 0.0, 0.0, 0.0, 0.0, 0.0, 0.0, 0.0, 0.0, 0.0, 0.0, 0.0, 0.0, 0.0, 0.0, 0.0, 0.0, 0.0, 0.0, 0.0, 0.0, 0.0, 0.0, 0.0, 0.0, 0.0, 0.0, 0.0, 0.0, 0.0, 0.0, 0.0, 0.0, 0.0, 0.0, 0.0, 0.0, 0.0, 0.002, 0.005, 0.012, 0.022, 0.022, 0.027000000000000003, 0.028000000000000004, 0.033999999999999996, 0.049, 0.052000000000000005, 0.076, 0.089, 0.12, 0.181, 0.184, 0.23400000000000004, 0.21000000000000005, 0.267, 0.282, 0.34500000000000003, 0.37700000000000006, 0.3909999999999999, 0.3995, 0.46950000000000003, 0.5096666666666667, 0.5076666666666665, 0.5527500000000001, 0.5918, 0.6385000000000002, 0.6212142857142858, 0.632125, 0.6727777777777779, 0.6998, 0.7677954545454544, 0.7017666666666669]

listiAveDiversityMetric2EveGen:
[74.90804269768391, 1155.1007255178042, 107.93881505968777, 274.12461396592187, 34.444765248444035, 114.39634258136925, 97.12292301193754, 327.65829687174784, 341.41820806448317, 181.27418942556878, 107.564777479849, 72.42625157024793, 20.429589001122338, 11.766308597081931, 52.90342399347005, 7.319278824609732, 101.80270925007652, 48.60697697785941, 83.81825495765739, 4.690046652382409, 6.668572439546985, 7.142552119171514, 6.386921350882564, 3.882871576369758, 1.768188405264769, 1.7930076196306497, 1.8050611978369553, 1.7798794082236504, 1.7276669237832878, 1.6765918416488113, 1.7599265707580858, 1.863653325170901, 1.8769666605448425, 1.8731171268237936, 1.8240195245383126, 1.8184150188756245, 1.8815174125089278, 1.9157980124477092, 1.9842150800938678, 2.017838849097031, 2.055305801448832, 2.1300745638200183, 1.9400209611264156, 1.8662793265993263, 1.8565311621263134, 1.9287018875624935, 2.2086970717273746, 2.250555543311907, 2.111692504846444, 2.1057224691358023, 2.1889234649525555, 2.272345336190185, 2.3825985103560865, 2.2595030221405983, 2.243238330782573, 2.240679848995, 2.3985603591470257, 2.410290737679828, 2.4548962595653507, 2.268360991735537, 2.437269699010305, 2.292473225181104, 2.323682954800531, 2.230251117232936, 2.2950805672890517, 2.294765644322008, 2.4043047689011323, 2.533449733700643, 2.331988360371391, 2.3111037159473526, 2.3051279175594326, 2.3193478420569327, 2.5596575696357515, 2.7449330313233347, 2.6921689174574026, 2.7196448280787675, 2.932079036832976, 2.696881950821345, 3.2605949148046123, 3.8884429384756656, 3.990778459340884, 3.3623732557902257, 3.687847819610244, 3.419176777879808, 3.3363930741761045, 3.2094327150290782, 3.3754492357922663, 3.7885148535863693, 3.4347864320312853, 3.37540207778949, 3.7535008531384606, 4.303605647852448, 3.8712502688154657, 4.220554615168215, 4.285194277778984, 4.442105103989098, 4.096633246952449, 4.176732954499761, 4.254525340822479, 4.284511445004141, 4.383686293354609]

listiAveFitEvaNumByThisGen:
[100, 3200, 6300, 9400, 12500, 15600, 18700, 21800, 24900, 28000, 31100, 34200, 37300, 40400, 43500, 46600, 49700, 52800, 55900, 59000, 62100, 65200, 68300, 71400, 74500, 77600, 80700, 83800, 86900, 90000, 93100, 96200, 99300, 102400, 105500, 108600, 111700, 114800, 117900, 121000, 124100, 127200, 130300, 133400, 136500, 139600, 142700, 145800, 148900, 152000, 155100, 158200, 161300, 164400, 167500, 170600, 173700, 176800, 179900, 183000, 186100, 189200, 192300, 195400, 198500, 201600, 204700, 207800, 210900, 214000, 217100, 220200, 223300, 226400, 229500, 232600, 235700, 238800, 241900, 245000, 248100, 251200, 254300, 257400, 260500, 263600, 266700, 269800, 272900, 276010, 279120, 282240, 285360, 288490, 291630, 294780, 297950, 301140, 304350, 307580, 310830]
------------------------new instance-----------------------------
listiEveGenLocalSearchedIndNum_AllRunsEve:
[0.0, 10.0, 20.0, 30.0, 40.0, 50.0, 60.0, 70.0, 80.0, 90.0, 100.0, 110.0, 120.0, 130.0, 140.0, 150.0, 160.0, 170.0, 180.0, 190.0, 200.0, 210.0, 220.0, 230.0, 240.0, 250.0, 260.0, 270.0, 280.0, 290.0, 300.0, 310.0, 320.0, 330.0, 340.0, 350.0, 360.0, 370.0, 380.0, 390.0, 400.0, 410.0, 420.0, 430.0, 440.0, 450.0, 460.0, 470.0, 480.0, 490.0, 500.0, 510.0, 520.0, 530.0, 540.0, 550.0, 560.0, 570.0, 580.0, 590.0, 600.0, 610.0, 620.0, 630.0, 640.0, 650.0, 660.0, 670.0, 680.0, 690.0, 700.0, 710.0, 720.0, 730.0, 740.0, 750.0, 760.0, 770.0, 780.0, 790.0, 800.0, 810.0, 820.0, 830.0, 840.0, 850.0, 860.0, 870.0, 880.0, 890.0, 900.0, 910.0, 920.0, 930.0, 940.0, 950.0, 960.0, 970.0, 980.0, 990.0, 1000.0]

listfEveGenBestIndFitness_AllRunsAve:
[0.007567100290699737, 0.007778208658054805, 0.008337481065310093, 0.008936950348827957, 0.009331273381089748, 0.009721965247596448, 0.010167938464208187, 0.010561241624028675, 0.010907228152833508, 0.01116822085368774, 0.011488988034892634, 0.01174653484343021, 0.011998354702124807, 0.012267221657377711, 0.012497897548967043, 0.012736107791350659, 0.012957330662724458, 0.013257331974508508, 0.013489948990527287, 0.01372646785305534, 0.014004080372845474, 0.01425348941419476, 0.014506918518094481, 0.01484349519366956, 0.015112626921994509, 0.015385969031315047, 0.015666907014906785, 0.0159519794058171, 0.016240631051673178, 0.016536999562444664, 0.016840256977576903, 0.017150864136198374, 0.017469905720421997, 0.017795707844007417, 0.01812801238770891, 0.018467492208946612, 0.018816126875143117, 0.019171812043255545, 0.019535479094466627, 0.01990636091136087, 0.020285045162079095, 0.020674794613061123, 0.02107445077838842, 0.021484233518886207, 0.021905516363357157, 0.02233204479039693, 0.02276780935869053, 0.0232148212747073, 0.023672853844632795, 0.02413970078947623, 0.024613531466452367, 0.02509624370902061, 0.025585218608467027, 0.026086944126805546, 0.026599551317135546, 0.027124443245395757, 0.027660478804929674, 0.02820543265795881, 0.028754027067100684, 0.029316942955430785, 0.02989078960022707, 0.030473408773496097, 0.03106569753604361, 0.03167577439190098, 0.03229050581485008, 0.032912649982503685, 0.033539083004283154, 0.03416179957691999, 0.034781859186732225, 0.03539740162793004, 0.036004511898972164, 0.03658583052864518, 0.0371567357296238, 0.037713970797603545, 0.038250250106229865, 0.03877463233761926, 0.03924774039210588, 0.03972091886660614, 0.040204413645926605, 0.040631178380454054, 0.04108611825914953, 0.04150233668586343, 0.041855682729805686, 0.042153103583636796, 0.04246111445517137, 0.04271267206444445, 0.04292878300268561, 0.04314051102969312, 0.04336773998492892, 0.043517339229109636, 0.043705164806129335, 0.04382630140704512, 0.04393124863606282, 0.0440318357376822, 0.0441368529928995, 0.04418387037599958, 0.044298003574520226, 0.04433872479409999, 0.044377405273527695, 0.0444220036249713, 0.044449906382560654]

listEveGenDiversityMetric1_AllRunsAve:
[1.0, 1.0, 1.0, 1.0, 0.9949999999999999, 0.961, 0.9719999999999999, 0.8699999999999999, 0.905, 0.739, 0.833, 0.74, 0.77, 0.758, 0.798, 0.8240000000000001, 0.786, 0.826, 0.763, 0.7999999999999999, 0.8300000000000001, 0.812, 0.808, 0.819, 0.7629999999999999, 0.7989999999999999, 0.796, 0.82, 0.791, 0.7969999999999999, 0.8240000000000002, 0.8230000000000001, 0.8290000000000001, 0.821, 0.835, 0.8130000000000001, 0.8130000000000001, 0.8230000000000001, 0.8300000000000001, 0.806, 0.8169999999999998, 0.8190000000000002, 0.8160000000000001, 0.842, 0.842, 0.8310000000000001, 0.804, 0.817, 0.8220000000000001, 0.835, 0.829, 0.813, 0.817, 0.8230000000000001, 0.817, 0.8089999999999999, 0.8290000000000001, 0.8310000000000001, 0.812, 0.808, 0.8240000000000002, 0.826, 0.8230000000000001, 0.8379999999999999, 0.851, 0.845, 0.8470000000000001, 0.8480000000000002, 0.853, 0.8470000000000001, 0.8470000000000001, 0.837, 0.843, 0.8520000000000001, 0.8549999999999999, 0.849, 0.8429999999999997, 0.8300000000000001, 0.829, 0.8200000000000001, 0.819, 0.828, 0.778, 0.7630000000000001, 0.7849999999999999, 0.7410000000000002, 0.74, 0.6950000000000001, 0.681, 0.6809999999999999, 0.6410000000000001, 0.622, 0.6415, 0.609, 0.6105, 0.5730000000000001, 0.57175, 0.6066499999999999, 0.63425, 0.6029904761904763, 0.5965916666666666]

listfEveGenProportion_belongToLocalSearchedIndNeighbor_exceptCurrLocalSearchedInd_AllRunsAve:
[0.0, 0.0, 0.0, 0.0, 0.0, 0.0, 0.0, 0.0, 0.0, 0.0, 0.0, 0.0, 0.0, 0.0, 0.0, 0.0, 0.0, 0.0, 0.0, 0.0, 0.0, 0.0, 0.0, 0.0, 0.0, 0.0, 0.0, 0.0, 0.0, 0.0, 0.0, 0.0, 0.0, 0.0, 0.0, 0.0, 0.0, 0.0, 0.0, 0.0, 0.0, 0.0, 0.0, 0.0, 0.0, 0.0, 0.0, 0.0, 0.0, 0.0, 0.0, 0.0, 0.0, 0.0, 0.0, 0.0, 0.0, 0.0, 0.0, 0.0, 0.0, 0.0, 0.0, 0.0, 0.0, 0.0, 0.0, 0.0, 0.0, 0.0, 0.0, 0.003, 0.008, 0.018, 0.041, 0.063, 0.073, 0.1, 0.13999999999999999, 0.134, 0.18, 0.196, 0.221, 0.272, 0.302, 0.34199999999999997, 0.36099999999999993, 0.409, 0.4170000000000001, 0.45499999999999996, 0.529, 0.5820000000000001, 0.5409999999999999, 0.6315, 0.6203333333333333, 0.6585, 0.6915833333333333, 0.6861833333333334, 0.6613333333333333, 0.7500238095238095, 0.7712166666666666]

listiAveDiversityMetric2EveGen:
[74.90804269768391, 15.207821177430876, 162.9408341067238, 187.49644146107542, 154.40798665442304, 268.3682037547189, 194.65251438424653, 48.774697594123076, 125.37149991225388, 169.99057535353535, 119.42092878277727, 49.074914796449335, 27.05582609937762, 1.360949539842873, 24.46294363840425, 36.09957583511887, 19.950214157739005, 18.529913980206096, 18.122855610651975, 16.55589707172738, 75.92733433731253, 68.58315910621363, 1.6680133374145498, 1.4788125334149576, 1.5382860034690338, 1.7222384817875724, 1.7198959942862975, 1.7766635894296499, 1.689469368431793, 1.7342915865727986, 1.807697010509132, 1.773813529231711, 1.7721610937659424, 1.7554591245791247, 1.768036730945822, 1.7659422997653302, 1.813123558820529, 1.8405728558310375, 1.7909945842260995, 1.787236143250689, 1.83041541067238, 1.8057053443526172, 1.8245565636159575, 1.8649474461789612, 1.8576502479338846, 1.8293356024895417, 1.806378385878992, 1.8480733149678605, 1.8410244995408633, 1.8627944250586677, 1.8371904744413832, 1.8456220548923579, 1.8225308927660442, 1.8412515457606364, 1.8302202958881746, 1.8957498214467912, 1.8702757024793388, 1.8594026895214775, 1.9314619487807367, 1.9270724701561068, 2.011748009386797, 1.9863593184368942, 1.9967665666768692, 2.0457645872870116, 2.145895969799, 2.2004310743801647, 2.152417083971023, 2.0880643852668093, 2.2913178491990616, 2.3622947699214363, 2.4054039710233655, 2.3977548454239366, 2.435874510764208, 2.7141931476379964, 2.832369517396184, 2.8561514008774616, 2.9015598204264874, 3.1260953412917045, 3.301906907458423, 2.9641944658708295, 3.094994751555964, 3.2276720987654315, 3.029642175288236, 3.081709111315172, 3.3023154127129883, 3.2360703724109783, 3.816150098969493, 4.153281167227834, 4.230076906438119, 3.7529982736455465, 2.521144887256402, 2.5999433772064076, 2.7461100664307314, 2.895160826357625, 3.3698397898307655, 3.1986786854363767, 3.31873821452944, 3.5234174453164235, 3.9037685390586447, 3.808691992929802, 3.9069642046379065]

listiAveFitEvaNumByThisGen:
[100, 3200, 6300, 9400, 12500, 15600, 18700, 21800, 24900, 28000, 31100, 34200, 37300, 40400, 43500, 46600, 49700, 52800, 55900, 59000, 62100, 65200, 68300, 71400, 74500, 77600, 80700, 83800, 86900, 90000, 93100, 96200, 99300, 102400, 105500, 108600, 111700, 114800, 117900, 121000, 124100, 127200, 130300, 133400, 136500, 139600, 142700, 145800, 148900, 152000, 155100, 158200, 161300, 164400, 167500, 170600, 173700, 176800, 179900, 183000, 186100, 189200, 192300, 195400, 198500, 201600, 204700, 207800, 210900, 214000, 217100, 220200, 223300, 226400, 229500, 232600, 235700, 238800, 241900, 245000, 248100, 251200, 254300, 257400, 260500, 263600, 266700, 269800, 272900, 276000, 279100, 282200, 285300, 288420, 291550, 294710, 297880, 301080, 304310, 307590, 310910]
------------------------new instance-----------------------------
